   0.999955E-03   0.223036E-03   0.204368E-01   0.598425E-01
   0.101344E-02   0.226228E-03   0.206619E-01   0.599978E-01
   0.102711E-02   0.229464E-03   0.208895E-01   0.601536E-01
   0.104097E-02   0.232745E-03   0.211195E-01   0.603098E-01
   0.105501E-02   0.236072E-03   0.213520E-01   0.604664E-01
   0.106924E-02   0.239445E-03   0.215870E-01   0.606235E-01
   0.108366E-02   0.242864E-03   0.218246E-01   0.607811E-01
   0.109828E-02   0.246331E-03   0.220648E-01   0.609391E-01
   0.111309E-02   0.249846E-03   0.223076E-01   0.610975E-01
   0.112810E-02   0.253409E-03   0.225530E-01   0.612564E-01
   0.114332E-02   0.257022E-03   0.228011E-01   0.614157E-01
   0.115874E-02   0.260685E-03   0.230518E-01   0.615754E-01
   0.117437E-02   0.264398E-03   0.233053E-01   0.617356E-01
   0.119021E-02   0.268162E-03   0.235616E-01   0.618963E-01
   0.120627E-02   0.271979E-03   0.238206E-01   0.620574E-01
   0.122254E-02   0.275848E-03   0.240825E-01   0.622189E-01
   0.123903E-02   0.279770E-03   0.243471E-01   0.623809E-01
   0.125574E-02   0.283746E-03   0.246147E-01   0.625433E-01
   0.127268E-02   0.287777E-03   0.248852E-01   0.627062E-01
   0.128984E-02   0.291863E-03   0.251586E-01   0.628695E-01
   0.130724E-02   0.296006E-03   0.254349E-01   0.630332E-01
   0.132487E-02   0.300205E-03   0.257143E-01   0.631974E-01
   0.134274E-02   0.304462E-03   0.259967E-01   0.633621E-01
   0.136086E-02   0.308778E-03   0.262822E-01   0.635272E-01
   0.137921E-02   0.313152E-03   0.265707E-01   0.636927E-01
   0.139781E-02   0.317587E-03   0.268624E-01   0.638587E-01
   0.141667E-02   0.322082E-03   0.271573E-01   0.640251E-01
   0.143578E-02   0.326638E-03   0.274554E-01   0.641920E-01
   0.145514E-02   0.331257E-03   0.277567E-01   0.643593E-01
   0.147477E-02   0.335939E-03   0.280612E-01   0.645271E-01
   0.149466E-02   0.340685E-03   0.283691E-01   0.646953E-01
   0.151482E-02   0.345496E-03   0.286803E-01   0.648639E-01
   0.153526E-02   0.350372E-03   0.289949E-01   0.650330E-01
   0.155596E-02   0.355315E-03   0.293129E-01   0.652026E-01
   0.157695E-02   0.360324E-03   0.296344E-01   0.653725E-01
   0.159822E-02   0.365403E-03   0.299593E-01   0.655430E-01
   0.161978E-02   0.370550E-03   0.302878E-01   0.657138E-01
   0.164163E-02   0.375767E-03   0.306199E-01   0.658851E-01
   0.166377E-02   0.381055E-03   0.309555E-01   0.660569E-01
   0.168621E-02   0.386414E-03   0.312948E-01   0.662291E-01
   0.170896E-02   0.391846E-03   0.316378E-01   0.664017E-01
   0.173201E-02   0.397352E-03   0.319844E-01   0.665748E-01
   0.175537E-02   0.402932E-03   0.323349E-01   0.667483E-01
   0.177904E-02   0.408587E-03   0.326892E-01   0.669223E-01
   0.180304E-02   0.414319E-03   0.330473E-01   0.670966E-01
   0.182736E-02   0.420128E-03   0.334092E-01   0.672715E-01
   0.185201E-02   0.426016E-03   0.337752E-01   0.674467E-01
   0.187699E-02   0.431982E-03   0.341451E-01   0.676224E-01
   0.190231E-02   0.438029E-03   0.345190E-01   0.677986E-01
   0.192797E-02   0.444157E-03   0.348969E-01   0.679751E-01
   0.195397E-02   0.450368E-03   0.352790E-01   0.681521E-01
   0.198033E-02   0.456662E-03   0.356652E-01   0.683296E-01
   0.200704E-02   0.463040E-03   0.360556E-01   0.685074E-01
   0.203411E-02   0.469503E-03   0.364503E-01   0.686857E-01
   0.206155E-02   0.476054E-03   0.368492E-01   0.688644E-01
   0.208935E-02   0.482691E-03   0.372525E-01   0.690436E-01
   0.211754E-02   0.489417E-03   0.376601E-01   0.692232E-01
   0.214610E-02   0.496233E-03   0.380722E-01   0.694032E-01
   0.217504E-02   0.503140E-03   0.384887E-01   0.695836E-01
   0.220438E-02   0.510139E-03   0.389098E-01   0.697645E-01
   0.223412E-02   0.517231E-03   0.393354E-01   0.699457E-01
   0.226425E-02   0.524417E-03   0.397657E-01   0.701274E-01
   0.229479E-02   0.531699E-03   0.402007E-01   0.703096E-01
   0.232574E-02   0.539077E-03   0.406403E-01   0.704921E-01
   0.235711E-02   0.546554E-03   0.410848E-01   0.706751E-01
   0.238891E-02   0.554129E-03   0.415340E-01   0.708584E-01
   0.242113E-02   0.561804E-03   0.419882E-01   0.710422E-01
   0.245379E-02   0.569582E-03   0.424473E-01   0.712265E-01
   0.248688E-02   0.577462E-03   0.429114E-01   0.714111E-01
   0.252043E-02   0.585446E-03   0.433805E-01   0.715961E-01
   0.255443E-02   0.593536E-03   0.438547E-01   0.717816E-01
   0.258888E-02   0.601732E-03   0.443341E-01   0.719675E-01
   0.262380E-02   0.610037E-03   0.448187E-01   0.721538E-01
   0.265919E-02   0.618451E-03   0.453085E-01   0.723405E-01
   0.269506E-02   0.626976E-03   0.458037E-01   0.725276E-01
   0.273141E-02   0.635613E-03   0.463043E-01   0.727152E-01
   0.276825E-02   0.644363E-03   0.468103E-01   0.729031E-01
   0.280559E-02   0.653229E-03   0.473218E-01   0.730915E-01
   0.284343E-02   0.662211E-03   0.478389E-01   0.732803E-01
   0.288179E-02   0.671311E-03   0.483616E-01   0.734695E-01
   0.292066E-02   0.680531E-03   0.488899E-01   0.736591E-01
   0.296005E-02   0.689871E-03   0.494241E-01   0.738491E-01
   0.299998E-02   0.699334E-03   0.499640E-01   0.740395E-01
   0.304044E-02   0.708920E-03   0.505099E-01   0.742303E-01
   0.308145E-02   0.718632E-03   0.510616E-01   0.744216E-01
   0.312302E-02   0.728471E-03   0.516194E-01   0.746132E-01
   0.316514E-02   0.738438E-03   0.521832E-01   0.748053E-01
   0.320783E-02   0.748536E-03   0.527532E-01   0.749977E-01
   0.325110E-02   0.758765E-03   0.533294E-01   0.751906E-01
   0.329495E-02   0.769127E-03   0.539119E-01   0.753838E-01
   0.333940E-02   0.779625E-03   0.545007E-01   0.755775E-01
   0.338444E-02   0.790259E-03   0.550959E-01   0.757715E-01
   0.343009E-02   0.801031E-03   0.556976E-01   0.759660E-01
   0.347636E-02   0.811942E-03   0.563058E-01   0.761608E-01
   0.352325E-02   0.822995E-03   0.569207E-01   0.763561E-01
   0.357077E-02   0.834192E-03   0.575423E-01   0.765517E-01
   0.361893E-02   0.845533E-03   0.581707E-01   0.767477E-01
   0.366775E-02   0.857020E-03   0.588059E-01   0.769442E-01
   0.371722E-02   0.868656E-03   0.594480E-01   0.771409E-01
   0.376736E-02   0.880442E-03   0.600971E-01   0.773381E-01
   0.381817E-02   0.892380E-03   0.607534E-01   0.775357E-01
   0.386967E-02   0.904471E-03   0.614167E-01   0.777336E-01
   0.392187E-02   0.916718E-03   0.620873E-01   0.779320E-01
   0.397477E-02   0.929122E-03   0.627653E-01   0.781307E-01
   0.402838E-02   0.941685E-03   0.634506E-01   0.783297E-01
   0.408272E-02   0.954408E-03   0.641434E-01   0.785292E-01
   0.413779E-02   0.967295E-03   0.648438E-01   0.787290E-01
   0.419360E-02   0.980346E-03   0.655518E-01   0.789292E-01
   0.425016E-02   0.993564E-03   0.662675E-01   0.791297E-01
   0.430749E-02   0.100695E-02   0.669911E-01   0.793306E-01
   0.436559E-02   0.102051E-02   0.677225E-01   0.795319E-01
   0.442448E-02   0.103424E-02   0.684620E-01   0.797335E-01
   0.448416E-02   0.104814E-02   0.692095E-01   0.799355E-01
   0.454464E-02   0.106222E-02   0.699652E-01   0.801379E-01
   0.460594E-02   0.107648E-02   0.707292E-01   0.803406E-01
   0.466807E-02   0.109092E-02   0.715015E-01   0.805436E-01
   0.473103E-02   0.110554E-02   0.722822E-01   0.807470E-01
   0.479484E-02   0.112035E-02   0.730715E-01   0.809508E-01
   0.485952E-02   0.113535E-02   0.738694E-01   0.811549E-01
   0.492507E-02   0.115053E-02   0.746761E-01   0.813593E-01
   0.499150E-02   0.116591E-02   0.754916E-01   0.815641E-01
   0.505882E-02   0.118148E-02   0.763160E-01   0.817692E-01
   0.512706E-02   0.119725E-02   0.771494E-01   0.819747E-01
   0.519621E-02   0.121321E-02   0.779920E-01   0.821805E-01
   0.526630E-02   0.122938E-02   0.788438E-01   0.823867E-01
   0.533734E-02   0.124575E-02   0.797049E-01   0.825932E-01
   0.540933E-02   0.126232E-02   0.805754E-01   0.828000E-01
   0.548229E-02   0.127911E-02   0.814555E-01   0.830072E-01
   0.555624E-02   0.129610E-02   0.823453E-01   0.832147E-01
   0.563118E-02   0.131331E-02   0.832448E-01   0.834226E-01
   0.570714E-02   0.133073E-02   0.841541E-01   0.836307E-01
   0.578412E-02   0.134838E-02   0.850734E-01   0.838392E-01
   0.586213E-02   0.136624E-02   0.860028E-01   0.840481E-01
   0.594120E-02   0.138433E-02   0.869425E-01   0.842572E-01
   0.602134E-02   0.140264E-02   0.878924E-01   0.844667E-01
   0.610256E-02   0.142118E-02   0.888527E-01   0.846765E-01
   0.618487E-02   0.143995E-02   0.898236E-01   0.848867E-01
   0.626830E-02   0.145896E-02   0.908051E-01   0.850971E-01
   0.635285E-02   0.147821E-02   0.917975E-01   0.853079E-01
   0.643853E-02   0.149769E-02   0.928007E-01   0.855190E-01
   0.652538E-02   0.151742E-02   0.938149E-01   0.857304E-01
   0.661340E-02   0.153739E-02   0.948403E-01   0.859422E-01
   0.670260E-02   0.155761E-02   0.958770E-01   0.861542E-01
   0.679301E-02   0.157808E-02   0.969251E-01   0.863666E-01
   0.688463E-02   0.159881E-02   0.979847E-01   0.865793E-01
   0.697749E-02   0.161979E-02   0.990559E-01   0.867922E-01
   0.707161E-02   0.164103E-02   0.100139E+00   0.870055E-01
   0.716699E-02   0.166254E-02   0.101234E+00   0.872191E-01
   0.726366E-02   0.168431E-02   0.102341E+00   0.874330E-01
   0.736164E-02   0.170635E-02   0.103460E+00   0.876472E-01
   0.746094E-02   0.172867E-02   0.104592E+00   0.878617E-01
   0.756157E-02   0.175126E-02   0.105736E+00   0.880765E-01
   0.766356E-02   0.177412E-02   0.106892E+00   0.882917E-01
   0.776693E-02   0.179728E-02   0.108062E+00   0.885071E-01
   0.787170E-02   0.182071E-02   0.109244E+00   0.887228E-01
   0.797787E-02   0.184444E-02   0.110439E+00   0.889387E-01
   0.808548E-02   0.186845E-02   0.111647E+00   0.891550E-01
   0.819454E-02   0.189276E-02   0.112869E+00   0.893716E-01
   0.830507E-02   0.191738E-02   0.114104E+00   0.895885E-01
   0.841709E-02   0.194229E-02   0.115353E+00   0.898056E-01
   0.853062E-02   0.196751E-02   0.116616E+00   0.900231E-01
   0.864569E-02   0.199304E-02   0.117893E+00   0.902408E-01
   0.876230E-02   0.201888E-02   0.119183E+00   0.904588E-01
   0.888049E-02   0.204504E-02   0.120488E+00   0.906771E-01
   0.900028E-02   0.207152E-02   0.121808E+00   0.908956E-01
   0.912167E-02   0.209832E-02   0.123142E+00   0.911145E-01
   0.924471E-02   0.212545E-02   0.124490E+00   0.913336E-01
   0.936941E-02   0.215291E-02   0.125854E+00   0.915530E-01
   0.949578E-02   0.218070E-02   0.127233E+00   0.917726E-01
   0.962387E-02   0.220884E-02   0.128627E+00   0.919926E-01
   0.975368E-02   0.223732E-02   0.130036E+00   0.922128E-01
   0.988524E-02   0.226614E-02   0.131461E+00   0.924332E-01
   0.100186E-01   0.229532E-02   0.132902E+00   0.926539E-01
   0.101537E-01   0.232485E-02   0.134359E+00   0.928749E-01
   0.102907E-01   0.235473E-02   0.135832E+00   0.930961E-01
   0.104295E-01   0.238498E-02   0.137321E+00   0.933176E-01
   0.105701E-01   0.241560E-02   0.138826E+00   0.935394E-01
   0.107127E-01   0.244659E-02   0.140349E+00   0.937614E-01
   0.108572E-01   0.247795E-02   0.141888E+00   0.939837E-01
   0.110037E-01   0.250970E-02   0.143445E+00   0.942062E-01
   0.111521E-01   0.254183E-02   0.145018E+00   0.944289E-01
   0.113025E-01   0.257434E-02   0.146609E+00   0.946519E-01
   0.114550E-01   0.260725E-02   0.148218E+00   0.948751E-01
   0.116095E-01   0.264055E-02   0.149845E+00   0.950986E-01
   0.117661E-01   0.267426E-02   0.151489E+00   0.953223E-01
   0.119248E-01   0.270838E-02   0.153152E+00   0.955463E-01
   0.120856E-01   0.274290E-02   0.154834E+00   0.957705E-01
   0.122486E-01   0.277784E-02   0.156534E+00   0.959949E-01
   0.124138E-01   0.281320E-02   0.158253E+00   0.962196E-01
   0.125813E-01   0.284899E-02   0.159991E+00   0.964445E-01
   0.127510E-01   0.288520E-02   0.161749E+00   0.966696E-01
   0.129230E-01   0.292185E-02   0.163526E+00   0.968950E-01
   0.130973E-01   0.295894E-02   0.165323E+00   0.971206E-01
   0.132739E-01   0.299648E-02   0.167139E+00   0.973464E-01
   0.134530E-01   0.303447E-02   0.168976E+00   0.975724E-01
   0.136344E-01   0.307291E-02   0.170834E+00   0.977987E-01
   0.138183E-01   0.311181E-02   0.172712E+00   0.980252E-01
   0.140047E-01   0.315118E-02   0.174612E+00   0.982518E-01
   0.141936E-01   0.319102E-02   0.176532E+00   0.984788E-01
   0.143851E-01   0.323134E-02   0.178474E+00   0.987059E-01
   0.145791E-01   0.327214E-02   0.180437E+00   0.989333E-01
   0.147758E-01   0.331342E-02   0.182423E+00   0.991608E-01
   0.149751E-01   0.335520E-02   0.184430E+00   0.993886E-01
   0.151770E-01   0.339748E-02   0.186460E+00   0.996166E-01
   0.153818E-01   0.344027E-02   0.188513E+00   0.998448E-01
   0.155892E-01   0.348356E-02   0.190588E+00   0.100073E+00
   0.157995E-01   0.352737E-02   0.192687E+00   0.100302E+00
   0.160126E-01   0.357171E-02   0.194809E+00   0.100531E+00
   0.162286E-01   0.361657E-02   0.196955E+00   0.100760E+00
   0.164475E-01   0.366197E-02   0.199125E+00   0.100989E+00
   0.166693E-01   0.370791E-02   0.201320E+00   0.101218E+00
   0.168942E-01   0.375439E-02   0.203538E+00   0.101448E+00
   0.171221E-01   0.380143E-02   0.205782E+00   0.101678E+00
   0.173530E-01   0.384903E-02   0.208051E+00   0.101908E+00
   0.175871E-01   0.389720E-02   0.210345E+00   0.102138E+00
   0.178243E-01   0.394594E-02   0.212665E+00   0.102369E+00
   0.180647E-01   0.399526E-02   0.215011E+00   0.102599E+00
   0.183084E-01   0.404517E-02   0.217383E+00   0.102830E+00
   0.185553E-01   0.409567E-02   0.219782E+00   0.103061E+00
   0.188056E-01   0.414677E-02   0.222208E+00   0.103292E+00
   0.190593E-01   0.419848E-02   0.224661E+00   0.103524E+00
   0.193163E-01   0.425080E-02   0.227141E+00   0.103755E+00
   0.195769E-01   0.430375E-02   0.229650E+00   0.103987E+00
   0.198409E-01   0.435732E-02   0.232186E+00   0.104219E+00
   0.201086E-01   0.441153E-02   0.234751E+00   0.104451E+00
   0.203798E-01   0.446639E-02   0.237345E+00   0.104684E+00
   0.206547E-01   0.452189E-02   0.239968E+00   0.104916E+00
   0.209333E-01   0.457806E-02   0.242620E+00   0.105149E+00
   0.212156E-01   0.463489E-02   0.245303E+00   0.105382E+00
   0.215018E-01   0.469240E-02   0.248015E+00   0.105615E+00
   0.217918E-01   0.475059E-02   0.250758E+00   0.105849E+00
   0.220857E-01   0.480947E-02   0.253532E+00   0.106082E+00
   0.223836E-01   0.486905E-02   0.256337E+00   0.106316E+00
   0.226856E-01   0.492934E-02   0.259174E+00   0.106550E+00
   0.229916E-01   0.499034E-02   0.262043E+00   0.106784E+00
   0.233017E-01   0.505206E-02   0.264943E+00   0.107018E+00
   0.236160E-01   0.511452E-02   0.267877E+00   0.107253E+00
   0.239345E-01   0.517772E-02   0.270844E+00   0.107487E+00
   0.242574E-01   0.524166E-02   0.273844E+00   0.107722E+00
   0.245845E-01   0.530636E-02   0.276878E+00   0.107957E+00
   0.249161E-01   0.537183E-02   0.279946E+00   0.108192E+00
   0.252522E-01   0.543808E-02   0.283049E+00   0.108427E+00
   0.255928E-01   0.550510E-02   0.286187E+00   0.108663E+00
   0.259380E-01   0.557293E-02   0.289361E+00   0.108899E+00
   0.262879E-01   0.564155E-02   0.292570E+00   0.109134E+00
   0.266425E-01   0.571099E-02   0.295815E+00   0.109370E+00
   0.270018E-01   0.578124E-02   0.299098E+00   0.109607E+00
   0.273661E-01   0.585233E-02   0.302417E+00   0.109843E+00
   0.277352E-01   0.592426E-02   0.305774E+00   0.110080E+00
   0.281093E-01   0.599705E-02   0.309169E+00   0.110316E+00
   0.284884E-01   0.607069E-02   0.312602E+00   0.110553E+00
   0.288727E-01   0.614520E-02   0.316074E+00   0.110790E+00
   0.292621E-01   0.622060E-02   0.319585E+00   0.111027E+00
   0.296568E-01   0.629689E-02   0.323136E+00   0.111265E+00
   0.300568E-01   0.637408E-02   0.326728E+00   0.111502E+00
   0.304623E-01   0.645219E-02   0.330360E+00   0.111740E+00
   0.308731E-01   0.653122E-02   0.334033E+00   0.111978E+00
   0.312896E-01   0.661119E-02   0.337748E+00   0.112216E+00
   0.317116E-01   0.669210E-02   0.341505E+00   0.112454E+00
   0.321394E-01   0.677398E-02   0.345305E+00   0.112693E+00
   0.325729E-01   0.685682E-02   0.349147E+00   0.112931E+00
   0.330122E-01   0.694065E-02   0.353034E+00   0.113170E+00
   0.334575E-01   0.702547E-02   0.356964E+00   0.113409E+00
   0.339088E-01   0.711129E-02   0.360939E+00   0.113648E+00
   0.343662E-01   0.719813E-02   0.364959E+00   0.113887E+00
   0.348297E-01   0.728601E-02   0.369025E+00   0.114127E+00
   0.352995E-01   0.737493E-02   0.373137E+00   0.114367E+00
   0.357756E-01   0.746490E-02   0.377296E+00   0.114606E+00
   0.362582E-01   0.755594E-02   0.381502E+00   0.114846E+00
   0.367472E-01   0.764806E-02   0.385756E+00   0.115086E+00
   0.372429E-01   0.774128E-02   0.390059E+00   0.115327E+00
   0.377452E-01   0.783560E-02   0.394410E+00   0.115567E+00
   0.382544E-01   0.793104E-02   0.398811E+00   0.115808E+00
   0.387703E-01   0.802762E-02   0.403262E+00   0.116049E+00
   0.392933E-01   0.812534E-02   0.407763E+00   0.116290E+00
   0.398233E-01   0.822422E-02   0.412316E+00   0.116531E+00
   0.403604E-01   0.832428E-02   0.416921E+00   0.116772E+00
   0.409048E-01   0.842552E-02   0.421578E+00   0.117014E+00
   0.414566E-01   0.852797E-02   0.426288E+00   0.117255E+00
   0.420158E-01   0.863163E-02   0.431052E+00   0.117497E+00
   0.425825E-01   0.873652E-02   0.435871E+00   0.117739E+00
   0.431568E-01   0.884265E-02   0.440744E+00   0.117981E+00
   0.437390E-01   0.895004E-02   0.445673E+00   0.118224E+00
   0.443289E-01   0.905871E-02   0.450658E+00   0.118466E+00
   0.449268E-01   0.916867E-02   0.455700E+00   0.118709E+00
   0.455328E-01   0.927993E-02   0.460800E+00   0.118951E+00
   0.461470E-01   0.939251E-02   0.465957E+00   0.119194E+00
   0.467694E-01   0.950642E-02   0.471174E+00   0.119437E+00
   0.474003E-01   0.962169E-02   0.476451E+00   0.119681E+00
   0.480396E-01   0.973832E-02   0.481787E+00   0.119924E+00
   0.486876E-01   0.985634E-02   0.487185E+00   0.120168E+00
   0.493443E-01   0.997575E-02   0.492644E+00   0.120412E+00
   0.500099E-01   0.100966E-01   0.498166E+00   0.120655E+00
   0.506844E-01   0.102189E-01   0.503751E+00   0.120900E+00
   0.513681E-01   0.103426E-01   0.509400E+00   0.121144E+00
   0.520610E-01   0.104678E-01   0.515114E+00   0.121388E+00
   0.527632E-01   0.105945E-01   0.520893E+00   0.121633E+00
   0.534749E-01   0.107227E-01   0.526738E+00   0.121877E+00
   0.541962E-01   0.108524E-01   0.532650E+00   0.122122E+00
   0.549272E-01   0.109837E-01   0.538630E+00   0.122367E+00
   0.556680E-01   0.111165E-01   0.544679E+00   0.122613E+00
   0.564189E-01   0.112509E-01   0.550797E+00   0.122858E+00
   0.571799E-01   0.113869E-01   0.556984E+00   0.123104E+00
   0.579512E-01   0.115246E-01   0.563243E+00   0.123349E+00
   0.587328E-01   0.116639E-01   0.569574E+00   0.123595E+00
   0.595250E-01   0.118049E-01   0.575977E+00   0.123842E+00
   0.603279E-01   0.119475E-01   0.582454E+00   0.124088E+00
   0.611417E-01   0.120919E-01   0.589005E+00   0.124334E+00
   0.619664E-01   0.122380E-01   0.595632E+00   0.124581E+00
   0.628022E-01   0.123858E-01   0.602334E+00   0.124828E+00
   0.636493E-01   0.125354E-01   0.609113E+00   0.125075E+00
   0.645078E-01   0.126869E-01   0.615971E+00   0.125322E+00
   0.653779E-01   0.128401E-01   0.622907E+00   0.125569E+00
   0.662597E-01   0.129952E-01   0.629922E+00   0.125817E+00
   0.671535E-01   0.131521E-01   0.637019E+00   0.126065E+00
   0.680593E-01   0.133110E-01   0.644197E+00   0.126313E+00
   0.689773E-01   0.134717E-01   0.651458E+00   0.126561E+00
   0.699077E-01   0.136344E-01   0.658802E+00   0.126809E+00
   0.708506E-01   0.137990E-01   0.666230E+00   0.127058E+00
   0.718063E-01   0.139656E-01   0.673744E+00   0.127306E+00
   0.727748E-01   0.141343E-01   0.681345E+00   0.127555E+00
   0.737564E-01   0.143049E-01   0.689033E+00   0.127804E+00
   0.747513E-01   0.144776E-01   0.696809E+00   0.128053E+00
   0.757595E-01   0.146524E-01   0.704676E+00   0.128303E+00
   0.767814E-01   0.148293E-01   0.712632E+00   0.128552E+00
   0.778171E-01   0.150083E-01   0.720681E+00   0.128802E+00
   0.788667E-01   0.151894E-01   0.728822E+00   0.129052E+00
   0.799305E-01   0.153728E-01   0.737057E+00   0.129302E+00
   0.810086E-01   0.155584E-01   0.745387E+00   0.129553E+00
   0.821013E-01   0.157462E-01   0.753813E+00   0.129803E+00
   0.832087E-01   0.159362E-01   0.762336E+00   0.130054E+00
   0.843310E-01   0.161286E-01   0.770958E+00   0.130305E+00
   0.854685E-01   0.163233E-01   0.779679E+00   0.130556E+00
   0.866213E-01   0.165203E-01   0.788500E+00   0.130807E+00
   0.877897E-01   0.167197E-01   0.797424E+00   0.131059E+00
   0.889738E-01   0.169216E-01   0.806450E+00   0.131311E+00
   0.901739E-01   0.171258E-01   0.815581E+00   0.131562E+00
   0.913902E-01   0.173326E-01   0.824817E+00   0.131814E+00
   0.926229E-01   0.175418E-01   0.834160E+00   0.132067E+00
   0.938723E-01   0.177536E-01   0.843611E+00   0.132319E+00
   0.951384E-01   0.179680E-01   0.853171E+00   0.132572E+00
   0.964217E-01   0.181849E-01   0.862841E+00   0.132825E+00
   0.977223E-01   0.184045E-01   0.872623E+00   0.133078E+00
   0.990404E-01   0.186268E-01   0.882519E+00   0.133331E+00
   0.100376E+00   0.188517E-01   0.892529E+00   0.133584E+00
   0.101730E+00   0.190794E-01   0.902654E+00   0.133838E+00
   0.103102E+00   0.193099E-01   0.912897E+00   0.134092E+00
   0.104493E+00   0.195431E-01   0.923258E+00   0.134346E+00
   0.105902E+00   0.197793E-01   0.933739E+00   0.134600E+00
   0.107331E+00   0.200183E-01   0.944342E+00   0.134855E+00
   0.108779E+00   0.202602E-01   0.955067E+00   0.135110E+00
   0.110246E+00   0.205050E-01   0.965916E+00   0.135365E+00
   0.111733E+00   0.207529E-01   0.976891E+00   0.135620E+00
   0.113240E+00   0.210038E-01   0.987993E+00   0.135875E+00
   0.114767E+00   0.212577E-01   0.999224E+00   0.136131E+00
   0.116315E+00   0.215148E-01   0.101059E+01   0.136387E+00
   0.117884E+00   0.217750E-01   0.102208E+01   0.136643E+00
   0.119474E+00   0.220384E-01   0.103370E+01   0.136899E+00
   0.121086E+00   0.223050E-01   0.104546E+01   0.137155E+00
   0.122719E+00   0.225749E-01   0.105736E+01   0.137412E+00
   0.124374E+00   0.228481E-01   0.106940E+01   0.137669E+00
   0.126052E+00   0.231246E-01   0.108157E+01   0.137926E+00
   0.127752E+00   0.234046E-01   0.109389E+01   0.138183E+00
   0.129475E+00   0.236879E-01   0.110634E+01   0.138441E+00
   0.131222E+00   0.239748E-01   0.111895E+01   0.138699E+00
   0.132992E+00   0.242652E-01   0.113170E+01   0.138957E+00
   0.134786E+00   0.245591E-01   0.114459E+01   0.139215E+00
   0.136604E+00   0.248567E-01   0.115764E+01   0.139474E+00
   0.138446E+00   0.251579E-01   0.117084E+01   0.139732E+00
   0.140314E+00   0.254628E-01   0.118419E+01   0.139991E+00
   0.142206E+00   0.257715E-01   0.119770E+01   0.140250E+00
   0.144124E+00   0.260840E-01   0.121136E+01   0.140510E+00
   0.146068E+00   0.264003E-01   0.122518E+01   0.140770E+00
   0.148039E+00   0.267206E-01   0.123917E+01   0.141029E+00
   0.150035E+00   0.270448E-01   0.125331E+01   0.141290E+00
   0.152059E+00   0.273730E-01   0.126762E+01   0.141550E+00
   0.154110E+00   0.277052E-01   0.128210E+01   0.141811E+00
   0.156189E+00   0.280416E-01   0.129674E+01   0.142072E+00
   0.158296E+00   0.283821E-01   0.131156E+01   0.142333E+00
   0.160431E+00   0.287269E-01   0.132655E+01   0.142594E+00
   0.162595E+00   0.290759E-01   0.134171E+01   0.142856E+00
   0.164788E+00   0.294293E-01   0.135705E+01   0.143117E+00
   0.167010E+00   0.297870E-01   0.137256E+01   0.143380E+00
   0.169263E+00   0.301491E-01   0.138826E+01   0.143642E+00
   0.171546E+00   0.305158E-01   0.140414E+01   0.143905E+00
   0.173860E+00   0.308870E-01   0.142020E+01   0.144167E+00
   0.176205E+00   0.312629E-01   0.143646E+01   0.144431E+00
   0.178582E+00   0.316434E-01   0.145290E+01   0.144694E+00
   0.180991E+00   0.320286E-01   0.146953E+01   0.144958E+00
   0.183432E+00   0.324187E-01   0.148635E+01   0.145222E+00
   0.185906E+00   0.328136E-01   0.150338E+01   0.145486E+00
   0.188414E+00   0.332134E-01   0.152060E+01   0.145750E+00
   0.190955E+00   0.336182E-01   0.153802E+01   0.146015E+00
   0.193531E+00   0.340281E-01   0.155564E+01   0.146280E+00
   0.196141E+00   0.344431E-01   0.157347E+01   0.146545E+00
   0.198787E+00   0.348633E-01   0.159151E+01   0.146811E+00
   0.201468E+00   0.352887E-01   0.160975E+01   0.147076E+00
   0.204185E+00   0.357195E-01   0.162821E+01   0.147342E+00
   0.206940E+00   0.361556E-01   0.164689E+01   0.147609E+00
   0.209731E+00   0.365972E-01   0.166578E+01   0.147875E+00
   0.212560E+00   0.370444E-01   0.168489E+01   0.148142E+00
   0.215427E+00   0.374971E-01   0.170423E+01   0.148410E+00
   0.218333E+00   0.379555E-01   0.172379E+01   0.148677E+00
   0.221278E+00   0.384197E-01   0.174358E+01   0.148945E+00
   0.224262E+00   0.388898E-01   0.176360E+01   0.149213E+00
   0.227287E+00   0.393657E-01   0.178386E+01   0.149481E+00
   0.230353E+00   0.398476E-01   0.180435E+01   0.149750E+00
   0.233460E+00   0.403356E-01   0.182508E+01   0.150019E+00
   0.236609E+00   0.408297E-01   0.184605E+01   0.150288E+00
   0.239800E+00   0.413300E-01   0.186727E+01   0.150557E+00
   0.243035E+00   0.418367E-01   0.188873E+01   0.150827E+00
   0.246313E+00   0.423497E-01   0.191044E+01   0.151097E+00
   0.249635E+00   0.428692E-01   0.193241E+01   0.151368E+00
   0.253003E+00   0.433953E-01   0.195464E+01   0.151638E+00
   0.256415E+00   0.439280E-01   0.197712E+01   0.151909E+00
   0.259874E+00   0.444674E-01   0.199987E+01   0.152180E+00
   0.263379E+00   0.450137E-01   0.202288E+01   0.152452E+00
   0.266932E+00   0.455669E-01   0.204617E+01   0.152724E+00
   0.270532E+00   0.461270E-01   0.206972E+01   0.152996E+00
   0.274181E+00   0.466943E-01   0.209355E+01   0.153269E+00
   0.277879E+00   0.472688E-01   0.211766E+01   0.153541E+00
   0.281627E+00   0.478505E-01   0.214205E+01   0.153815E+00
   0.285426E+00   0.484396E-01   0.216672E+01   0.154088E+00
   0.289276E+00   0.490362E-01   0.219168E+01   0.154362E+00
   0.293178E+00   0.496404E-01   0.221694E+01   0.154636E+00
   0.297132E+00   0.502522E-01   0.224249E+01   0.154910E+00
   0.301140E+00   0.508718E-01   0.226834E+01   0.155185E+00
   0.305202E+00   0.514993E-01   0.229449E+01   0.155460E+00
   0.309319E+00   0.521346E-01   0.232094E+01   0.155735E+00
   0.313491E+00   0.527774E-01   0.234771E+01   0.156011E+00
   0.317719E+00   0.534273E-01   0.237479E+01   0.156286E+00
   0.322005E+00   0.540838E-01   0.240219E+01   0.156561E+00
   0.326348E+00   0.547466E-01   0.242991E+01   0.156835E+00
   0.330750E+00   0.554154E-01   0.245795E+01   0.157109E+00
   0.335211E+00   0.560899E-01   0.248632E+01   0.157382E+00
   0.339733E+00   0.567698E-01   0.251502E+01   0.157654E+00
   0.344315E+00   0.574549E-01   0.254406E+01   0.157924E+00
   0.348959E+00   0.581451E-01   0.257345E+01   0.158194E+00
   0.353666E+00   0.588401E-01   0.260318E+01   0.158463E+00
   0.358437E+00   0.595399E-01   0.263325E+01   0.158730E+00
   0.363271E+00   0.602444E-01   0.266369E+01   0.158996E+00
   0.368171E+00   0.609536E-01   0.269448E+01   0.159261E+00
   0.373137E+00   0.616675E-01   0.272564E+01   0.159524E+00
   0.378170E+00   0.623861E-01   0.275716E+01   0.159786E+00
   0.383271E+00   0.631094E-01   0.278906E+01   0.160047E+00
   0.388441E+00   0.638377E-01   0.282133E+01   0.160307E+00
   0.393680E+00   0.645710E-01   0.285399E+01   0.160565E+00
   0.398990E+00   0.653095E-01   0.288703E+01   0.160822E+00
   0.404372E+00   0.660534E-01   0.292047E+01   0.161079E+00
   0.409826E+00   0.668028E-01   0.295431E+01   0.161334E+00
   0.415354E+00   0.675581E-01   0.298854E+01   0.161588E+00
   0.420957E+00   0.683193E-01   0.302319E+01   0.161841E+00
   0.426635E+00   0.690870E-01   0.305824E+01   0.162094E+00
   0.432389E+00   0.698612E-01   0.309372E+01   0.162345E+00
   0.438222E+00   0.706423E-01   0.312961E+01   0.162596E+00
   0.444132E+00   0.714307E-01   0.316594E+01   0.162847E+00
   0.450123E+00   0.722268E-01   0.320270E+01   0.163097E+00
   0.456194E+00   0.730307E-01   0.323989E+01   0.163346E+00
   0.462348E+00   0.738431E-01   0.327754E+01   0.163596E+00
   0.468584E+00   0.746641E-01   0.331563E+01   0.163845E+00
   0.474904E+00   0.754943E-01   0.335417E+01   0.164094E+00
   0.481310E+00   0.763342E-01   0.339318E+01   0.164343E+00
   0.487802E+00   0.771840E-01   0.343265E+01   0.164592E+00
   0.494382E+00   0.780444E-01   0.347260E+01   0.164841E+00
   0.501050E+00   0.789158E-01   0.351302E+01   0.165090E+00
   0.507809E+00   0.797987E-01   0.355393E+01   0.165340E+00
   0.514658E+00   0.806936E-01   0.359532E+01   0.165591E+00
   0.521600E+00   0.816011E-01   0.363721E+01   0.165842E+00
   0.528635E+00   0.825217E-01   0.367960E+01   0.166093E+00
   0.535766E+00   0.834561E-01   0.372250E+01   0.166346E+00
   0.542992E+00   0.844048E-01   0.376591E+01   0.166599E+00
   0.550316E+00   0.853686E-01   0.380984E+01   0.166853E+00
   0.557739E+00   0.863479E-01   0.385429E+01   0.167109E+00
   0.565262E+00   0.873436E-01   0.389928E+01   0.167366E+00
   0.572887E+00   0.883563E-01   0.394480E+01   0.167624E+00
   0.580614E+00   0.893868E-01   0.399086E+01   0.167884E+00
   0.588445E+00   0.904358E-01   0.403747E+01   0.168145E+00
   0.596383E+00   0.915042E-01   0.408464E+01   0.168408E+00
   0.604427E+00   0.925927E-01   0.413237E+01   0.168673E+00
   0.612580E+00   0.937022E-01   0.418066E+01   0.168940E+00
   0.620842E+00   0.948336E-01   0.422953E+01   0.169209E+00
   0.629216E+00   0.959878E-01   0.427898E+01   0.169480E+00
   0.637703E+00   0.971658E-01   0.432902E+01   0.169754E+00
   0.646305E+00   0.983685E-01   0.437965E+01   0.170030E+00
   0.655023E+00   0.995970E-01   0.443088E+01   0.170309E+00
   0.663858E+00   0.100852E+00   0.448271E+01   0.170591E+00
   0.672812E+00   0.102135E+00   0.453516E+01   0.170875E+00
   0.681887E+00   0.103447E+00   0.458822E+01   0.171163E+00
   0.691085E+00   0.104789E+00   0.464191E+01   0.171454E+00
   0.700406E+00   0.106162E+00   0.469623E+01   0.171748E+00
   0.709854E+00   0.107568E+00   0.475119E+01   0.172045E+00
   0.719428E+00   0.109007E+00   0.480680E+01   0.172347E+00
   0.729132E+00   0.110480E+00   0.486305E+01   0.172651E+00
   0.738967E+00   0.111989E+00   0.491996E+01   0.172960E+00
   0.748934E+00   0.113535E+00   0.497754E+01   0.173272E+00
   0.759036E+00   0.115118E+00   0.503579E+01   0.173588E+00
   0.769274E+00   0.116741E+00   0.509471E+01   0.173909E+00
   0.779651E+00   0.118403E+00   0.515432E+01   0.174233E+00
   0.790167E+00   0.120106E+00   0.521462E+01   0.174561E+00
   0.800825E+00   0.121850E+00   0.527562E+01   0.174894E+00
   0.811627E+00   0.123636E+00   0.533732E+01   0.175231E+00
   0.822574E+00   0.125464E+00   0.539974E+01   0.175571E+00
   0.833669E+00   0.127335E+00   0.546287E+01   0.175916E+00
   0.844914E+00   0.129250E+00   0.552673E+01   0.176264E+00
   0.856311E+00   0.131207E+00   0.559132E+01   0.176616E+00
   0.867861E+00   0.133207E+00   0.565665E+01   0.176972E+00
   0.879567E+00   0.135249E+00   0.572273E+01   0.177331E+00
   0.891431E+00   0.137334E+00   0.578956E+01   0.177693E+00
   0.903454E+00   0.139461E+00   0.585716E+01   0.178058E+00
   0.915641E+00   0.141628E+00   0.592553E+01   0.178426E+00
   0.927991E+00   0.143837E+00   0.599468E+01   0.178797E+00
   0.940508E+00   0.146085E+00   0.606461E+01   0.179169E+00
   0.953194E+00   0.148373E+00   0.613534E+01   0.179545E+00
   0.966051E+00   0.150702E+00   0.620687E+01   0.179922E+00
   0.979081E+00   0.153071E+00   0.627922E+01   0.180301E+00
   0.992288E+00   0.155483E+00   0.635239E+01   0.180683E+00
   0.100567E+01   0.157937E+00   0.642639E+01   0.181067E+00
   0.101924E+01   0.160434E+00   0.650122E+01   0.181454E+00
   0.103298E+01   0.162975E+00   0.657691E+01   0.181842E+00
   0.104692E+01   0.165561E+00   0.665345E+01   0.182233E+00
   0.106104E+01   0.168193E+00   0.673085E+01   0.182626E+00
   0.107535E+01   0.170871E+00   0.680913E+01   0.183022E+00
   0.108986E+01   0.173596E+00   0.688830E+01   0.183420E+00
   0.110456E+01   0.176370E+00   0.696836E+01   0.183820E+00
   0.111945E+01   0.179192E+00   0.704932E+01   0.184223E+00
   0.113455E+01   0.182064E+00   0.713119E+01   0.184628E+00
   0.114986E+01   0.184986E+00   0.721399E+01   0.185035E+00
   0.116537E+01   0.187960E+00   0.729771E+01   0.185445E+00
   0.118109E+01   0.190986E+00   0.738238E+01   0.185858E+00
   0.119702E+01   0.194066E+00   0.746800E+01   0.186272E+00
   0.121316E+01   0.197199E+00   0.755458E+01   0.186689E+00
   0.122953E+01   0.200387E+00   0.764213E+01   0.187109E+00
   0.124611E+01   0.203632E+00   0.773067E+01   0.187531E+00
   0.126292E+01   0.206933E+00   0.782019E+01   0.187956E+00
   0.127995E+01   0.210292E+00   0.791072E+01   0.188383E+00
   0.129722E+01   0.213710E+00   0.800226E+01   0.188812E+00
   0.131471E+01   0.217188E+00   0.809483E+01   0.189244E+00
   0.133245E+01   0.220726E+00   0.818843E+01   0.189679E+00
   0.135042E+01   0.224326E+00   0.828307E+01   0.190116E+00
   0.136863E+01   0.227989E+00   0.837877E+01   0.190556E+00
   0.138710E+01   0.231715E+00   0.847553E+01   0.190998E+00
   0.140580E+01   0.235506E+00   0.857338E+01   0.191443E+00
   0.142477E+01   0.239364E+00   0.867231E+01   0.191890E+00
   0.144398E+01   0.243287E+00   0.877234E+01   0.192340E+00
   0.146346E+01   0.247279E+00   0.887348E+01   0.192792E+00
   0.148320E+01   0.251340E+00   0.897575E+01   0.193247E+00
   0.150321E+01   0.255471E+00   0.907915E+01   0.193705E+00
   0.152348E+01   0.259673E+00   0.918370E+01   0.194165E+00
   0.154403E+01   0.263948E+00   0.928941E+01   0.194628E+00
   0.156486E+01   0.268296E+00   0.939629E+01   0.195093E+00
   0.158597E+01   0.272718E+00   0.950435E+01   0.195561E+00
   0.160736E+01   0.277217E+00   0.961361E+01   0.196032E+00
   0.162904E+01   0.281792E+00   0.972407E+01   0.196505E+00
   0.165101E+01   0.286445E+00   0.983575E+01   0.196981E+00
   0.167328E+01   0.291178E+00   0.994867E+01   0.197459E+00
   0.169585E+01   0.295991E+00   0.100628E+02   0.197940E+00
   0.171872E+01   0.300886E+00   0.101783E+02   0.198424E+00
   0.174191E+01   0.305864E+00   0.102949E+02   0.198910E+00
   0.176540E+01   0.310926E+00   0.104129E+02   0.199399E+00
   0.178922E+01   0.316073E+00   0.105322E+02   0.199891E+00
   0.181335E+01   0.321307E+00   0.106528E+02   0.200385E+00
   0.183781E+01   0.326630E+00   0.107747E+02   0.200882E+00
   0.186260E+01   0.332041E+00   0.108979E+02   0.201381E+00
   0.188772E+01   0.337544E+00   0.110225E+02   0.201883E+00
   0.191318E+01   0.343138E+00   0.111485E+02   0.202388E+00
   0.193899E+01   0.348826E+00   0.112758E+02   0.202895E+00
   0.196514E+01   0.354609E+00   0.114046E+02   0.203405E+00
   0.199165E+01   0.360488E+00   0.115347E+02   0.203918E+00
   0.201851E+01   0.366464E+00   0.116663E+02   0.204433E+00
   0.204574E+01   0.372539E+00   0.117993E+02   0.204951E+00
   0.207333E+01   0.378715E+00   0.119338E+02   0.205471E+00
   0.210130E+01   0.384993E+00   0.120697E+02   0.205994E+00
   0.212964E+01   0.391373E+00   0.122071E+02   0.206520E+00
   0.215837E+01   0.397859E+00   0.123460E+02   0.207048E+00
   0.218748E+01   0.404451E+00   0.124865E+02   0.207579E+00
   0.221698E+01   0.411151E+00   0.126284E+02   0.208113E+00
   0.224689E+01   0.417961E+00   0.127719E+02   0.208649E+00
   0.227719E+01   0.424881E+00   0.129170E+02   0.209188E+00
   0.230791E+01   0.431914E+00   0.130636E+02   0.209729E+00
   0.233904E+01   0.439062E+00   0.132119E+02   0.210273E+00
   0.237059E+01   0.446325E+00   0.133617E+02   0.210820E+00
   0.240256E+01   0.453705E+00   0.135132E+02   0.211369E+00
   0.243497E+01   0.461205E+00   0.136663E+02   0.211921E+00
   0.246782E+01   0.468825E+00   0.138211E+02   0.212475E+00
   0.250110E+01   0.476568E+00   0.139776E+02   0.213032E+00
   0.253484E+01   0.484436E+00   0.141357E+02   0.213592E+00
   0.256903E+01   0.492429E+00   0.142956E+02   0.214154E+00
   0.260368E+01   0.500550E+00   0.144572E+02   0.214719E+00
   0.263880E+01   0.508801E+00   0.146205E+02   0.215287E+00
   0.267439E+01   0.517183E+00   0.147856E+02   0.215857E+00
   0.271047E+01   0.525699E+00   0.149525E+02   0.216430E+00
   0.274703E+01   0.534350E+00   0.151212E+02   0.217005E+00
   0.278408E+01   0.543138E+00   0.152917E+02   0.217583E+00
   0.282163E+01   0.552065E+00   0.154641E+02   0.218163E+00
   0.285969E+01   0.561133E+00   0.156383E+02   0.218746E+00
   0.289826E+01   0.570344E+00   0.158144E+02   0.219332E+00
   0.293735E+01   0.579700E+00   0.159924E+02   0.219920E+00
   0.297697E+01   0.589203E+00   0.161723E+02   0.220511E+00
   0.301713E+01   0.598856E+00   0.163542E+02   0.221105E+00
   0.305783E+01   0.608659E+00   0.165380E+02   0.221701E+00
   0.309907E+01   0.618616E+00   0.167238E+02   0.222300E+00
   0.314087E+01   0.628729E+00   0.169115E+02   0.222901E+00
   0.318324E+01   0.638999E+00   0.171014E+02   0.223505E+00
   0.322617E+01   0.649429E+00   0.172932E+02   0.224111E+00
   0.326969E+01   0.660022E+00   0.174871E+02   0.224720E+00
   0.331379E+01   0.670779E+00   0.176831E+02   0.225332E+00
   0.335849E+01   0.681703E+00   0.178812E+02   0.225947E+00
   0.340379E+01   0.692796E+00   0.180814E+02   0.226563E+00
   0.344970E+01   0.704060E+00   0.182838E+02   0.227183E+00
   0.349623E+01   0.715499E+00   0.184883E+02   0.227805E+00
   0.354339E+01   0.727114E+00   0.186950E+02   0.228430E+00
   0.359118E+01   0.738908E+00   0.189040E+02   0.229057E+00
   0.363962E+01   0.750884E+00   0.191152E+02   0.229687E+00
   0.368872E+01   0.763044E+00   0.193286E+02   0.230320E+00
   0.373847E+01   0.775391E+00   0.195443E+02   0.230955E+00
   0.378890E+01   0.787927E+00   0.197624E+02   0.231593E+00
   0.384000E+01   0.800655E+00   0.199827E+02   0.232233E+00
   0.389180E+01   0.813577E+00   0.202054E+02   0.232877E+00
   0.394429E+01   0.826698E+00   0.204305E+02   0.233522E+00
   0.399749E+01   0.840018E+00   0.206581E+02   0.234171E+00
   0.405141E+01   0.853542E+00   0.208880E+02   0.234822E+00
   0.410606E+01   0.867272E+00   0.211204E+02   0.235475E+00
   0.416144E+01   0.881211E+00   0.213553E+02   0.236132E+00
   0.421757E+01   0.895363E+00   0.215926E+02   0.236791E+00
   0.427446E+01   0.909729E+00   0.218325E+02   0.237452E+00
   0.433212E+01   0.924313E+00   0.220750E+02   0.238117E+00
   0.439055E+01   0.939119E+00   0.223201E+02   0.238784E+00
   0.444977E+01   0.954148E+00   0.225677E+02   0.239453E+00
   0.450979E+01   0.969406E+00   0.228180E+02   0.240126E+00
   0.457062E+01   0.984894E+00   0.230710E+02   0.240801E+00
   0.463227E+01   0.100062E+01   0.233267E+02   0.241479E+00
   0.469475E+01   0.101658E+01   0.235850E+02   0.242159E+00
   0.475808E+01   0.103278E+01   0.238462E+02   0.242842E+00
   0.482226E+01   0.104922E+01   0.241101E+02   0.243528E+00
   0.488730E+01   0.106592E+01   0.243768E+02   0.244217E+00
   0.495322E+01   0.108286E+01   0.246463E+02   0.244908E+00
   0.502003E+01   0.110006E+01   0.249188E+02   0.245602E+00
   0.508774E+01   0.111752E+01   0.251941E+02   0.246299E+00
   0.515637E+01   0.113524E+01   0.254723E+02   0.246998E+00
   0.522592E+01   0.115323E+01   0.257535E+02   0.247700E+00
   0.529641E+01   0.117148E+01   0.260376E+02   0.248405E+00
   0.536785E+01   0.119001E+01   0.263248E+02   0.249113E+00
   0.544025E+01   0.120882E+01   0.266151E+02   0.249824E+00
   0.551363E+01   0.122791E+01   0.269084E+02   0.250537E+00
   0.558800E+01   0.124729E+01   0.272048E+02   0.251253E+00
   0.566337E+01   0.126695E+01   0.275043E+02   0.251972E+00
   0.573976E+01   0.128691E+01   0.278071E+02   0.252694E+00
   0.581718E+01   0.130717E+01   0.281130E+02   0.253418E+00
   0.589565E+01   0.132773E+01   0.284222E+02   0.254146E+00
   0.597517E+01   0.134860E+01   0.287346E+02   0.254876E+00
   0.605576E+01   0.136978E+01   0.290504E+02   0.255609E+00
   0.613745E+01   0.139127E+01   0.293695E+02   0.256345E+00
   0.622023E+01   0.141309E+01   0.296920E+02   0.257084E+00
   0.630413E+01   0.143523E+01   0.300179E+02   0.257825E+00
   0.638916E+01   0.145770E+01   0.303472E+02   0.258570E+00
   0.647534E+01   0.148050E+01   0.306800E+02   0.259317E+00
   0.656268E+01   0.150364E+01   0.310163E+02   0.260067E+00
   0.665120E+01   0.152713E+01   0.313562E+02   0.260820E+00
   0.674092E+01   0.155097E+01   0.316997E+02   0.261576E+00
   0.683184E+01   0.157516E+01   0.320468E+02   0.262335E+00
   0.692399E+01   0.159971E+01   0.323975E+02   0.263097E+00
   0.701738E+01   0.162462E+01   0.327520E+02   0.263862E+00
   0.711204E+01   0.164991E+01   0.331102E+02   0.264630E+00
   0.720797E+01   0.167556E+01   0.334722E+02   0.265401E+00
   0.730519E+01   0.170160E+01   0.338380E+02   0.266174E+00
   0.740372E+01   0.172803E+01   0.342076E+02   0.266951E+00
   0.750359E+01   0.175484E+01   0.345812E+02   0.267731E+00
   0.760480E+01   0.178205E+01   0.349586E+02   0.268513E+00
   0.770738E+01   0.180967E+01   0.353401E+02   0.269299E+00
   0.781133E+01   0.183769E+01   0.357256E+02   0.270087E+00
   0.791670E+01   0.186613E+01   0.361151E+02   0.270879E+00
   0.802348E+01   0.189499E+01   0.365087E+02   0.271674E+00
   0.813170E+01   0.192427E+01   0.369065E+02   0.272472E+00
   0.824139E+01   0.195399E+01   0.373085E+02   0.273272E+00
   0.835255E+01   0.198414E+01   0.377146E+02   0.274076E+00
   0.846521E+01   0.201474E+01   0.381251E+02   0.274883E+00
   0.857939E+01   0.204579E+01   0.385399E+02   0.275693E+00
   0.869511E+01   0.207730E+01   0.389590E+02   0.276506E+00
   0.881240E+01   0.210927E+01   0.393825E+02   0.277323E+00
   0.893126E+01   0.214171E+01   0.398105E+02   0.278142E+00
   0.905173E+01   0.217463E+01   0.402430E+02   0.278964E+00
   0.917382E+01   0.220803E+01   0.406800E+02   0.279790E+00
   0.929756E+01   0.224193E+01   0.411216E+02   0.280619E+00
   0.942297E+01   0.227632E+01   0.415678E+02   0.281451E+00
   0.955007E+01   0.231122E+01   0.420188E+02   0.282286E+00
   0.967888E+01   0.234663E+01   0.424744E+02   0.283124E+00
   0.980944E+01   0.238257E+01   0.429348E+02   0.283965E+00
   0.994175E+01   0.241903E+01   0.434001E+02   0.284810E+00
   0.100758E+02   0.245602E+01   0.438702E+02   0.285658E+00
   0.102118E+02   0.249356E+01   0.443453E+02   0.286509E+00
   0.103495E+02   0.253164E+01   0.448253E+02   0.287363E+00
   0.104891E+02   0.257029E+01   0.453104E+02   0.288220E+00
   0.106306E+02   0.260950E+01   0.458005E+02   0.289081E+00
   0.107740E+02   0.264928E+01   0.462958E+02   0.289945E+00
   0.109193E+02   0.268965E+01   0.467963E+02   0.290812E+00
   0.110666E+02   0.273061E+01   0.473020E+02   0.291683E+00
   0.112158E+02   0.277217E+01   0.478129E+02   0.292557E+00
   0.113671E+02   0.281433E+01   0.483293E+02   0.293434E+00
   0.115204E+02   0.285711E+01   0.488510E+02   0.294314E+00
   0.116758E+02   0.290052E+01   0.493782E+02   0.295198E+00
   0.118333E+02   0.294455E+01   0.499109E+02   0.296085E+00
   0.119929E+02   0.298924E+01   0.504491E+02   0.296976E+00
   0.121547E+02   0.303457E+01   0.509930E+02   0.297869E+00
   0.123186E+02   0.308056E+01   0.515426E+02   0.298767E+00
   0.124848E+02   0.312723E+01   0.520979E+02   0.299667E+00
   0.126532E+02   0.317457E+01   0.526590E+02   0.300571E+00
   0.128239E+02   0.322261E+01   0.532260E+02   0.301478E+00
   0.129968E+02   0.327134E+01   0.537989E+02   0.302389E+00
   0.131721E+02   0.332079E+01   0.543777E+02   0.303303E+00
   0.133498E+02   0.337095E+01   0.549626E+02   0.304221E+00
   0.135299E+02   0.342184E+01   0.555536E+02   0.305142E+00
   0.137124E+02   0.347347E+01   0.561508E+02   0.306066E+00
   0.138973E+02   0.352585E+01   0.567542E+02   0.306994E+00
   0.140848E+02   0.357900E+01   0.573638E+02   0.307925E+00
   0.142748E+02   0.363291E+01   0.579799E+02   0.308860E+00
   0.144673E+02   0.368761E+01   0.586023E+02   0.309799E+00
   0.146625E+02   0.374310E+01   0.592313E+02   0.310740E+00
   0.148602E+02   0.379939E+01   0.598668E+02   0.311686E+00
   0.150607E+02   0.385650E+01   0.605089E+02   0.312635E+00
   0.152638E+02   0.391444E+01   0.611576E+02   0.313587E+00
   0.154697E+02   0.397321E+01   0.618132E+02   0.314543E+00
   0.156783E+02   0.403284E+01   0.624756E+02   0.315502E+00
   0.158898E+02   0.409333E+01   0.631448E+02   0.316466E+00
   0.161042E+02   0.415470E+01   0.638210E+02   0.317432E+00
   0.163214E+02   0.421695E+01   0.645043E+02   0.318402E+00
   0.165415E+02   0.428010E+01   0.651946E+02   0.319376E+00
   0.167646E+02   0.434417E+01   0.658922E+02   0.320354E+00
   0.169908E+02   0.440916E+01   0.665970E+02   0.321335E+00
   0.172199E+02   0.447508E+01   0.673091E+02   0.322319E+00
   0.174522E+02   0.454196E+01   0.680286E+02   0.323308E+00
   0.176876E+02   0.460981E+01   0.687556E+02   0.324300E+00
   0.179262E+02   0.467863E+01   0.694901E+02   0.325295E+00
   0.181680E+02   0.474844E+01   0.702323E+02   0.326295E+00
   0.184130E+02   0.481926E+01   0.709821E+02   0.327298E+00
   0.186614E+02   0.489110E+01   0.717398E+02   0.328304E+00
   0.189131E+02   0.496397E+01   0.725053E+02   0.329315E+00
   0.191682E+02   0.503789E+01   0.732788E+02   0.330329E+00
   0.194268E+02   0.511288E+01   0.740603E+02   0.331347E+00
   0.196888E+02   0.518894E+01   0.748499E+02   0.332368E+00
   0.199544E+02   0.526610E+01   0.756477E+02   0.333394E+00
   0.202235E+02   0.534436E+01   0.764537E+02   0.334423E+00
   0.204963E+02   0.542375E+01   0.772681E+02   0.335456E+00
   0.207728E+02   0.550428E+01   0.780910E+02   0.336492E+00
   0.210529E+02   0.558596E+01   0.789224E+02   0.337533E+00
   0.213369E+02   0.566881E+01   0.797624E+02   0.338577E+00
   0.216247E+02   0.575286E+01   0.806111E+02   0.339625E+00
   0.219164E+02   0.583810E+01   0.814686E+02   0.340677E+00
   0.222120E+02   0.592457E+01   0.823350E+02   0.341733E+00
   0.225116E+02   0.601227E+01   0.832104E+02   0.342793E+00
   0.228153E+02   0.610123E+01   0.840948E+02   0.343856E+00
   0.231230E+02   0.619147E+01   0.849884E+02   0.344923E+00
   0.234349E+02   0.628299E+01   0.858912E+02   0.345995E+00
   0.237510E+02   0.637583E+01   0.868034E+02   0.347070E+00
   0.240713E+02   0.646998E+01   0.877250E+02   0.348149E+00
   0.243960E+02   0.656549E+01   0.886561E+02   0.349232E+00
   0.247251E+02   0.666236E+01   0.895969E+02   0.350318E+00
   0.250586E+02   0.676061E+01   0.905474E+02   0.351409E+00
   0.253966E+02   0.686026E+01   0.915077E+02   0.352504E+00
   0.257391E+02   0.696133E+01   0.924780E+02   0.353603E+00
   0.260863E+02   0.706385E+01   0.934583E+02   0.354705E+00
   0.264382E+02   0.716783E+01   0.944487E+02   0.355812E+00
   0.267948E+02   0.727328E+01   0.954494E+02   0.356923E+00
   0.271562E+02   0.738024E+01   0.964604E+02   0.358038E+00
   0.275225E+02   0.748873E+01   0.974819E+02   0.359156E+00
   0.278937E+02   0.759875E+01   0.985139E+02   0.360279E+00
   0.282700E+02   0.771035E+01   0.995566E+02   0.361406E+00
   0.286513E+02   0.782352E+01   0.100610E+03   0.362537E+00
   0.290377E+02   0.793831E+01   0.101674E+03   0.363672E+00
   0.294294E+02   0.805473E+01   0.102750E+03   0.364811E+00
   0.298264E+02   0.817280E+01   0.103836E+03   0.365954E+00
   0.302287E+02   0.829255E+01   0.104934E+03   0.367101E+00
   0.306364E+02   0.841400E+01   0.106043E+03   0.368252E+00
   0.310496E+02   0.853717E+01   0.107163E+03   0.369408E+00
   0.314685E+02   0.866209E+01   0.108295E+03   0.370567E+00
   0.318929E+02   0.878878E+01   0.109439E+03   0.371731E+00
   0.323231E+02   0.891727E+01   0.110594E+03   0.372899E+00
   0.327591E+02   0.904758E+01   0.111761E+03   0.374071E+00
   0.332009E+02   0.917973E+01   0.112941E+03   0.375247E+00
   0.336488E+02   0.931376E+01   0.114132E+03   0.376428E+00
   0.341026E+02   0.944968E+01   0.115336E+03   0.377612E+00
   0.345626E+02   0.958752E+01   0.116552E+03   0.378801E+00
   0.350288E+02   0.972732E+01   0.117781E+03   0.379994E+00
   0.355013E+02   0.986909E+01   0.119022E+03   0.381192E+00
   0.359801E+02   0.100129E+02   0.120277E+03   0.382393E+00
   0.364655E+02   0.101587E+02   0.121544E+03   0.383599E+00
   0.369573E+02   0.103065E+02   0.122824E+03   0.384809E+00
   0.374558E+02   0.104565E+02   0.124117E+03   0.386024E+00
   0.379610E+02   0.106086E+02   0.125424E+03   0.387243E+00
   0.384731E+02   0.107628E+02   0.126744E+03   0.388466E+00
   0.389920E+02   0.109192E+02   0.128078E+03   0.389693E+00
   0.395179E+02   0.110778E+02   0.129426E+03   0.390925E+00
   0.400510E+02   0.112386E+02   0.130787E+03   0.392161E+00
   0.405912E+02   0.114017E+02   0.132162E+03   0.393402E+00
   0.411387E+02   0.115671E+02   0.133552E+03   0.394647E+00
   0.416936E+02   0.117349E+02   0.134956E+03   0.395896E+00
   0.422560E+02   0.119049E+02   0.136374E+03   0.397150E+00
   0.428259E+02   0.120774E+02   0.137807E+03   0.398408E+00
   0.434036E+02   0.122524E+02   0.139254E+03   0.399671E+00
   0.439890E+02   0.124297E+02   0.140717E+03   0.400938E+00
   0.445823E+02   0.126096E+02   0.142194E+03   0.402210E+00
   0.451837E+02   0.127920E+02   0.143687E+03   0.403486E+00
   0.457931E+02   0.129770E+02   0.145195E+03   0.404766E+00
   0.464108E+02   0.131645E+02   0.146719E+03   0.406051E+00
   0.470368E+02   0.133547E+02   0.148258E+03   0.407341E+00
   0.476713E+02   0.135476E+02   0.149813E+03   0.408635E+00
   0.483143E+02   0.137432E+02   0.151384E+03   0.409934E+00
   0.489659E+02   0.139415E+02   0.152971E+03   0.411237E+00
   0.496264E+02   0.141426E+02   0.154575E+03   0.412545E+00
   0.502958E+02   0.143465E+02   0.156195E+03   0.413857E+00
   0.509742E+02   0.145533E+02   0.157831E+03   0.415174E+00
   0.516618E+02   0.147630E+02   0.159485E+03   0.416496E+00
   0.523586E+02   0.149756E+02   0.161155E+03   0.417822E+00
   0.530648E+02   0.151912E+02   0.162843E+03   0.419153E+00
   0.537806E+02   0.154098E+02   0.164548E+03   0.420489E+00
   0.545060E+02   0.156315E+02   0.166270E+03   0.421829E+00
   0.552412E+02   0.158563E+02   0.168010E+03   0.423174E+00
   0.559863E+02   0.160842E+02   0.169768E+03   0.424523E+00
   0.567415E+02   0.163154E+02   0.171544E+03   0.425878E+00
   0.575068E+02   0.165497E+02   0.173338E+03   0.427237E+00
   0.582825E+02   0.167874E+02   0.175151E+03   0.428601E+00
   0.590686E+02   0.170283E+02   0.176982E+03   0.429969E+00
   0.598653E+02   0.172726E+02   0.178832E+03   0.431342E+00
   0.606728E+02   0.175204E+02   0.180701E+03   0.432721E+00
   0.614912E+02   0.177716E+02   0.182590E+03   0.434103E+00
   0.623206E+02   0.180263E+02   0.184497E+03   0.435491E+00
   0.631612E+02   0.182846E+02   0.186424E+03   0.436884E+00
   0.640132E+02   0.185464E+02   0.188371E+03   0.438281E+00
   0.648766E+02   0.188120E+02   0.190338E+03   0.439684E+00
   0.657517E+02   0.190812E+02   0.192325E+03   0.441091E+00
   0.666385E+02   0.193542E+02   0.194333E+03   0.442503E+00
   0.675374E+02   0.196310E+02   0.196361E+03   0.443920E+00
   0.684483E+02   0.199117E+02   0.198409E+03   0.445342E+00
   0.693716E+02   0.201962E+02   0.200479E+03   0.446768E+00
   0.703073E+02   0.204848E+02   0.202570E+03   0.448200E+00
   0.712556E+02   0.207773E+02   0.204683E+03   0.449637E+00
   0.722168E+02   0.210740E+02   0.206817E+03   0.451079E+00
   0.731908E+02   0.213747E+02   0.208973E+03   0.452525E+00
   0.741781E+02   0.216797E+02   0.211151E+03   0.453977E+00
   0.751786E+02   0.219889E+02   0.213351E+03   0.455434E+00
   0.761926E+02   0.223024E+02   0.215574E+03   0.456896E+00
   0.772203E+02   0.226203E+02   0.217820E+03   0.458363E+00
   0.782619E+02   0.229425E+02   0.220089E+03   0.459835E+00
   0.793175E+02   0.232693E+02   0.222381E+03   0.461312E+00
   0.803874E+02   0.236006E+02   0.224696E+03   0.462794E+00
   0.814717E+02   0.239366E+02   0.227035E+03   0.464281E+00
   0.825706E+02   0.242772E+02   0.229398E+03   0.465774E+00
   0.836843E+02   0.246225E+02   0.231786E+03   0.467271E+00
   0.848131E+02   0.249726E+02   0.234198E+03   0.468774E+00
   0.859571E+02   0.253276E+02   0.236634E+03   0.470282E+00
   0.871165E+02   0.256875E+02   0.239095E+03   0.471795E+00
   0.882916E+02   0.260525E+02   0.241582E+03   0.473313E+00
   0.894825E+02   0.264224E+02   0.244094E+03   0.474837E+00
   0.906894E+02   0.267976E+02   0.246632E+03   0.476366E+00
   0.919127E+02   0.271779E+02   0.249196E+03   0.477900E+00
   0.931524E+02   0.275635E+02   0.251786E+03   0.479439E+00
   0.944089E+02   0.279545E+02   0.254402E+03   0.480984E+00
   0.956823E+02   0.283508E+02   0.257045E+03   0.482534E+00
   0.969729E+02   0.287527E+02   0.259716E+03   0.484090E+00
   0.982809E+02   0.291602E+02   0.262413E+03   0.485650E+00
   0.996066E+02   0.295733E+02   0.265139E+03   0.487216E+00
   0.100950E+03   0.299921E+02   0.267892E+03   0.488788E+00
   0.102312E+03   0.304167E+02   0.270673E+03   0.490365E+00
   0.103692E+03   0.308472E+02   0.273483E+03   0.491947E+00
   0.105090E+03   0.312837E+02   0.276321E+03   0.493535E+00
   0.106508E+03   0.317262E+02   0.279189E+03   0.495128E+00
   0.107944E+03   0.321749E+02   0.282085E+03   0.496727E+00
   0.109400E+03   0.326298E+02   0.285012E+03   0.498331E+00
   0.110876E+03   0.330909E+02   0.287968E+03   0.499941E+00
   0.112372E+03   0.335585E+02   0.290955E+03   0.501556E+00
   0.113887E+03   0.340325E+02   0.293972E+03   0.503177E+00
   0.115424E+03   0.345131E+02   0.297020E+03   0.504803E+00
   0.116980E+03   0.350003E+02   0.300099E+03   0.506435E+00
   0.118558E+03   0.354942E+02   0.303210E+03   0.508073E+00
   0.120157E+03   0.359950E+02   0.306352E+03   0.509716E+00
   0.121778E+03   0.365027E+02   0.309527E+03   0.511364E+00
   0.123421E+03   0.370175E+02   0.312733E+03   0.513019E+00
   0.125085E+03   0.375393E+02   0.315973E+03   0.514679E+00
   0.126773E+03   0.380684E+02   0.319246E+03   0.516345E+00
   0.128483E+03   0.386048E+02   0.322552E+03   0.518016E+00
   0.130216E+03   0.391485E+02   0.325892E+03   0.519693E+00
   0.131972E+03   0.396998E+02   0.329267E+03   0.521376E+00
   0.133752E+03   0.402587E+02   0.332675E+03   0.523065E+00
   0.135556E+03   0.408254E+02   0.336119E+03   0.524760E+00
   0.137385E+03   0.413998E+02   0.339597E+03   0.526460E+00
   0.139238E+03   0.419822E+02   0.343112E+03   0.528166E+00
   0.141116E+03   0.425726E+02   0.346662E+03   0.529878E+00
   0.143019E+03   0.431712E+02   0.350248E+03   0.531596E+00
   0.144948E+03   0.437780E+02   0.353871E+03   0.533319E+00
   0.146903E+03   0.443932E+02   0.357531E+03   0.535049E+00
   0.148885E+03   0.450169E+02   0.361228E+03   0.536784E+00
   0.150893E+03   0.456492E+02   0.364964E+03   0.538526E+00
   0.152928E+03   0.462902E+02   0.368737E+03   0.540273E+00
   0.154991E+03   0.469401E+02   0.372549E+03   0.542026E+00
   0.157082E+03   0.475989E+02   0.376399E+03   0.543786E+00
   0.159200E+03   0.482668E+02   0.380289E+03   0.545551E+00
   0.161348E+03   0.489438E+02   0.384219E+03   0.547322E+00
   0.163524E+03   0.496303E+02   0.388189E+03   0.549100E+00
   0.165730E+03   0.503262E+02   0.392199E+03   0.550883E+00
   0.167965E+03   0.510316E+02   0.396251E+03   0.552673E+00
   0.170231E+03   0.517468E+02   0.400343E+03   0.554468E+00
   0.172527E+03   0.524719E+02   0.404478E+03   0.556270E+00
   0.174854E+03   0.532069E+02   0.408654E+03   0.558078E+00
   0.177212E+03   0.539520E+02   0.412873E+03   0.559892E+00
   0.179603E+03   0.547075E+02   0.417136E+03   0.561712E+00
   0.182025E+03   0.554733E+02   0.421441E+03   0.563539E+00
   0.184481E+03   0.562496E+02   0.425791E+03   0.565371E+00
   0.186969E+03   0.570366E+02   0.430185E+03   0.567210E+00
   0.189491E+03   0.578345E+02   0.434624E+03   0.569056E+00
   0.192047E+03   0.586434E+02   0.439108E+03   0.570907E+00
   0.194637E+03   0.594633E+02   0.443638E+03   0.572765E+00
   0.197262E+03   0.602946E+02   0.448214E+03   0.574629E+00
   0.199923E+03   0.611373E+02   0.452837E+03   0.576499E+00
   0.202620E+03   0.619915E+02   0.457507E+03   0.578376E+00
   0.205353E+03   0.628576E+02   0.462225E+03   0.580259E+00
   0.208123E+03   0.637355E+02   0.466991E+03   0.582149E+00
   0.210930E+03   0.646255E+02   0.471805E+03   0.584045E+00
   0.213775E+03   0.655277E+02   0.476668E+03   0.585948E+00
   0.216658E+03   0.664423E+02   0.481581E+03   0.587857E+00
   0.219581E+03   0.673695E+02   0.486545E+03   0.589772E+00
   0.222543E+03   0.683095E+02   0.491558E+03   0.591694E+00
   0.225544E+03   0.692624E+02   0.496623E+03   0.593623E+00
   0.228587E+03   0.702283E+02   0.501740E+03   0.595558E+00
   0.231670E+03   0.712075E+02   0.506908E+03   0.597499E+00
   0.234795E+03   0.722002E+02   0.512130E+03   0.599448E+00
   0.237962E+03   0.732065E+02   0.517404E+03   0.601402E+00
   0.241171E+03   0.742266E+02   0.522732E+03   0.603364E+00
   0.244424E+03   0.752607E+02   0.528115E+03   0.605332E+00
   0.247721E+03   0.763091E+02   0.533553E+03   0.607307E+00
   0.251063E+03   0.773718E+02   0.539046E+03   0.609289E+00
   0.254449E+03   0.784491E+02   0.544594E+03   0.611277E+00
   0.257881E+03   0.795412E+02   0.550200E+03   0.613272E+00
   0.261359E+03   0.806482E+02   0.555862E+03   0.615274E+00
   0.264885E+03   0.817705E+02   0.561583E+03   0.617282E+00
   0.268458E+03   0.829082E+02   0.567361E+03   0.619298E+00
   0.272079E+03   0.840615E+02   0.573199E+03   0.621320E+00
   0.275748E+03   0.852305E+02   0.579096E+03   0.623349E+00
   0.279468E+03   0.864157E+02   0.585053E+03   0.625385E+00
   0.283237E+03   0.876171E+02   0.591071E+03   0.627428E+00
   0.287058E+03   0.888349E+02   0.597150E+03   0.629478E+00
   0.290930E+03   0.900695E+02   0.603291E+03   0.631535E+00
   0.294854E+03   0.913210E+02   0.609494E+03   0.633599E+00
   0.298831E+03   0.925896E+02   0.615761E+03   0.635670E+00
   0.302862E+03   0.938756E+02   0.622091E+03   0.637748E+00
   0.306947E+03   0.951793E+02   0.628486E+03   0.639833E+00
   0.311087E+03   0.965008E+02   0.634947E+03   0.641925E+00
   0.315283E+03   0.978405E+02   0.641473E+03   0.644024E+00
   0.319536E+03   0.991985E+02   0.648065E+03   0.646130E+00
   0.323846E+03   0.100575E+03   0.654725E+03   0.648243E+00
   0.328214E+03   0.101971E+03   0.661452E+03   0.650364E+00
   0.332641E+03   0.103385E+03   0.668248E+03   0.652491E+00
   0.337128E+03   0.104819E+03   0.675113E+03   0.654626E+00
   0.341675E+03   0.106273E+03   0.682048E+03   0.656768E+00
   0.346284E+03   0.107746E+03   0.689054E+03   0.658918E+00
   0.350954E+03   0.109240E+03   0.696131E+03   0.661074E+00
   0.355688E+03   0.110754E+03   0.703280E+03   0.663238E+00
   0.360486E+03   0.112289E+03   0.710502E+03   0.665410E+00
   0.365348E+03   0.113845E+03   0.717797E+03   0.667588E+00
   0.370276E+03   0.115422E+03   0.725167E+03   0.669774E+00
   0.375270E+03   0.117021E+03   0.732611E+03   0.671968E+00
   0.380332E+03   0.118641E+03   0.740132E+03   0.674169E+00
   0.385462E+03   0.120284E+03   0.747729E+03   0.676377E+00
   0.390662E+03   0.121949E+03   0.755403E+03   0.678593E+00
   0.395931E+03   0.123638E+03   0.763155E+03   0.680816E+00
   0.401271E+03   0.125349E+03   0.770987E+03   0.683047E+00
   0.406684E+03   0.127083E+03   0.778898E+03   0.685285E+00
   0.412169E+03   0.128842E+03   0.786889E+03   0.687531E+00
   0.417729E+03   0.130624E+03   0.794962E+03   0.689785E+00
   0.423363E+03   0.132431E+03   0.803117E+03   0.692046E+00
   0.429074E+03   0.134262E+03   0.811355E+03   0.694315E+00
   0.434861E+03   0.136119E+03   0.819677E+03   0.696591E+00
   0.440727E+03   0.138001E+03   0.828084E+03   0.698876E+00
   0.446671E+03   0.139908E+03   0.836576E+03   0.701168E+00
   0.452696E+03   0.141842E+03   0.845154E+03   0.703467E+00
   0.458802E+03   0.143802E+03   0.853820E+03   0.705775E+00
   0.464991E+03   0.145789E+03   0.862574E+03   0.708090E+00
   0.471263E+03   0.147803E+03   0.871417E+03   0.710413E+00
   0.477619E+03   0.149845E+03   0.880350E+03   0.712744E+00
   0.484062E+03   0.151915E+03   0.889374E+03   0.715083E+00
   0.490591E+03   0.154012E+03   0.898490E+03   0.717430E+00
   0.497208E+03   0.156139E+03   0.907698E+03   0.719784E+00
   0.503915E+03   0.158294E+03   0.917000E+03   0.722147E+00
   0.510712E+03   0.160480E+03   0.926397E+03   0.724518E+00
   0.517600E+03   0.162694E+03   0.935889E+03   0.726896E+00
   0.524582E+03   0.164940E+03   0.945478E+03   0.729283E+00
   0.531657E+03   0.167215E+03   0.955165E+03   0.731678E+00
   0.538829E+03   0.169522E+03   0.964949E+03   0.734081E+00
   0.546097E+03   0.171861E+03   0.974834E+03   0.736492E+00
   0.553462E+03   0.174231E+03   0.984819E+03   0.738911E+00
   0.560928E+03   0.176634E+03   0.994905E+03   0.741338E+00
   0.568494E+03   0.179069E+03   0.100509E+04   0.743774E+00
   0.576162E+03   0.181538E+03   0.101539E+04   0.746217E+00
   0.583933E+03   0.184040E+03   0.102578E+04   0.748669E+00
   0.591810E+03   0.186577E+03   0.103629E+04   0.751130E+00
   0.599792E+03   0.189148E+03   0.104690E+04   0.753598E+00
   0.607882E+03   0.191755E+03   0.105762E+04   0.756075E+00
   0.616082E+03   0.194396E+03   0.106844E+04   0.758561E+00
   0.624391E+03   0.197074E+03   0.107938E+04   0.761054E+00
   0.632813E+03   0.199789E+03   0.109043E+04   0.763556E+00
   0.641349E+03   0.202541E+03   0.110159E+04   0.766067E+00
   0.650000E+03   0.205330E+03   0.111286E+04   0.768586E+00
