           0           0        1120   9.9974174       1.6290988       2.8261781       1.0000000      0.44720107     -0.26834345     -1.50263859E-02   1.0733438      0.93800002    
           0           0        1120   9.5747700       7.4430532       5.4004364       1.0000000      0.23995298      0.25994378      0.15863661       1.0149670      0.93800002    
           0           0        1120   3.1563761       8.0440302       5.1967211       1.0000000     -0.33142757     -2.44702697E-02 -0.10768601       1.0009413      0.93800002    
           0           0        1120   2.2166770       2.1319046      0.30335203       1.0000000     -0.16646075     -0.30585116      0.44371679       1.0945240      0.93800002    
           0           0        1120   5.7993169       8.9830484       6.6556392       1.0000000     -1.38969021E-03  6.06282577E-02 -0.31771535      0.99220198      0.93800002    
           0           0        1120   2.9652553       1.1740893      0.62917668       1.0000000      0.14812557      0.22541852      0.13713115      0.98559815      0.93800002    
           0           0        1120   7.1388507      0.99576241       6.9926720       1.0000000     -0.39218754     -0.37075725      2.40303855E-03   1.0821838      0.93800002    
           0           0        1120   2.0777991       2.8891032      0.83174795       1.0000000     -0.37187579      4.73714098E-02 -0.41768041       1.0930859      0.93800002    
           0           0        1120   2.9214144       8.9162378       2.2711785       1.0000000     -6.81545362E-02 -0.35926700     -9.96078625E-02   1.0116737      0.93800002    
           0           0        1120   6.8694692       1.7067091       4.4082088       1.0000000     -0.45466343     -0.18870358      6.18105149E-03   1.0593442      0.93800002    
           0           0        1120   1.8241084       5.1103201       7.4078822       1.0000000     -0.13401137     -0.33919117     -3.98932137E-02   1.0071967      0.93800002    
           0           0        1120   6.2783647       6.7760367       6.9819651       1.0000000     -2.14631315E-02 -0.40989241     -0.16127148       1.0364965      0.93800002    
           0           0        1120  0.95213795       4.3654199       4.7467337       1.0000000     -8.07540715E-02  0.27753684      0.12461057      0.98940372      0.93800002    
           0           0        1120   9.8043652       3.7043021       8.3081264       1.0000000     -0.35919356      0.24408531      0.32973969       1.0849746      0.93800002    
           0           0        1120   3.9110432       6.2195640       3.4669948       1.0000000     -0.45383048      0.11306632      6.73740506E-02   1.0502996      0.93800002    
           0           0        1120   4.9889402       7.2380209       1.4455053       1.0000000     -0.45769683     -0.18921298     -0.37835884       1.1261827      0.93800002    
           0           0        1120   2.4206967       3.8105886       4.4012852       1.0000000      9.97959003E-02  0.14457466     -6.73737824E-02  0.95668405      0.93800002    
           0           0        1120   5.5596828       7.1684117       6.4236250       1.0000000      0.18577673     -0.40384185     -0.37706652       1.1043661      0.93800002    
           0           0        1120  0.56997412       8.2007208       1.2553929       1.0000000     -0.18425493     -0.31943306     -0.35777277       1.0695012      0.93800002    
           0           0        1120   6.6442962       6.8518920       1.9100193       1.0000000     -6.36569783E-02  0.46445921      0.36816359       1.1113789      0.93800002    
           0           0        1120   1.3087996       4.8444228       3.7465446       1.0000000      0.40047511     -0.32134321      0.17963514       1.0843222      0.93800002    
           0           0        1120   6.2287431       9.8365593       4.4071479       1.0000000      0.30473727      0.49484506      4.15509604E-02   1.1042223      0.93800002    
           0           0        1120   2.5590546       6.3894563       5.7591028       1.0000000     -0.24127857     -0.30840701     -5.43369539E-02   1.0179031      0.93800002    
           0           0        1120   1.4926651       9.9672365       1.2176223       1.0000000      0.15153928     -0.47220489     -0.11002240       1.0667195      0.93800002    
           0           0        1120   8.2791300       2.8381391       6.1020365       1.0000000     -0.26358724     -8.91789496E-02  0.17771462      0.99441320      0.93800002    
           0           0        1120   8.4712658       6.4925623      0.81382650       1.0000000     -0.37916952     -2.08007358E-02  0.27787834       1.0494106      0.93800002    
           0           0        1120   4.7197771       9.4333754       9.8080101       1.0000000     -0.16544527     -0.29733208     -0.15715876       1.0101097      0.93800002    
           0           0        1120   6.5354424       6.8275881       6.0993614       1.0000000     -0.40007290      0.26625499      0.23558153       1.0799503      0.93800002    
           0           0        1120   2.4113915       2.6317871       9.6086988       1.0000000     -7.66042620E-02 -0.16394186     -0.49975049       1.0781186      0.93800002    
           0           0        1120   8.6884098      3.75315025E-02   1.6584631       1.0000000     -0.48817915      0.10645507      0.22997202       1.0873742      0.93800002    
           0           0        1120   6.1382456       9.6576815       4.9709826       1.0000000      2.98854038E-02 -3.83924693E-02  0.21303371      0.96311706      0.93800002    
           0           0        1120   5.7995977       6.8280253       9.5392151       1.0000000     -0.47634479     -0.21988985      0.36952636       1.1365076      0.93800002    
           0           0        1120   2.9933326       3.1955361       3.0095172       1.0000000      0.44111148      0.34812707      0.25334612       1.1224082      0.93800002    
           0           0        1120   5.3824410       4.0848136       2.1237133       1.0000000     -0.42385960     -0.21006510     -0.48021817       1.1550921      0.93800002    
           0           0        1120   2.4124789       3.8461916       4.5490689       1.0000000     -0.12601748     -5.98112047E-02 -0.38210320       1.0224015      0.93800002    
           0           0        1120   8.0542984       1.6489264       2.8252993       1.0000000     -0.32731462      0.43584234      0.18095306       1.0998552      0.93800002    
           0           0        1120   1.3369673       2.5476122       3.9944487       1.0000000     -0.13076463      0.22636189     -0.22216254      0.99876893      0.93800002    
           0           0        1120   6.9356909       5.0035467       1.1840553       1.0000000     -0.34869668      0.18144694      0.22066592       1.0406969      0.93800002    
           0           0        1120   9.7964697       6.9677911       5.5721006       1.0000000      0.18082148      0.45535204      9.82089564E-02   1.0627940      0.93800002    
           0           0        1120   7.7045388       9.1359749       6.5895863       1.0000000      0.17097461      7.81851783E-02  0.45303929       1.0585055      0.93800002    
           0           0        1120   1.6292346       3.3505700       9.5182467       1.0000000     -0.39033836      0.11930230      0.45681673       1.1203226      0.93800002    
           0           0        1120   9.8524313      0.70737749       5.0233040       1.0000000      0.18072122      5.33200651E-02  8.70055780E-02  0.96068579      0.93800002    
           0           0        1120   6.9162054       4.6264791       5.7425427       1.0000000     -0.42710990      0.13826652     -0.11224271       1.0459365      0.93800002    
           0           0        1120   2.2096021      2.23180242E-02   4.9565678       1.0000000     -0.30868348     -0.47773498      0.40358901       1.1688646      0.93800002    
           0           0        1120   7.3862820       4.4453087       4.1770225       1.0000000      0.26086113     -6.22467771E-02 -0.30901715       1.0233567      0.93800002    
           0           0        1120   5.7711296       1.3268834       3.1782434       1.0000000     -1.30835101E-02  0.43909106      0.43394628       1.1229985      0.93800002    
           0           0        1120  0.73660135       6.1243629       5.1474872       1.0000000      0.12466358     -0.36935472      0.14521044       1.0261062      0.93800002    
           0           0        1120   1.3414855       6.5292597       2.6521001       1.0000000     -0.11819473      9.02150571E-02  0.16970408      0.96475506      0.93800002    
           0           0        1120   5.5433249      0.19504760       1.8434696       1.0000000      0.49118045      7.36777633E-02  0.13776208       1.0702846      0.93800002    
           0           0        1120   5.9485760       5.1524467       3.3069351       1.0000000     -0.10325755      0.38396549      0.27148527       1.0543433      0.93800002    
           0           0        1120   5.9907537      0.24726629      0.12258790       1.0000000      0.19845232     -0.23400900      0.23670073       1.0148965      0.93800002    
           0           0        1120   9.9997263       7.4979234       4.8495560       1.0000000      0.32370052      0.12277709      0.40251210       1.0778295      0.93800002    
           0           0        1120  0.56505132       7.3907738       3.7617621       1.0000000     -0.46319923      0.27619821      0.33735418       1.1333538      0.93800002    
           0           0        1120   3.4508193      0.81842649       2.2262154       1.0000000     -0.34752369     -9.88228023E-02  3.16126086E-02   1.0056750      0.93800002    
           0           0        1120   8.1170664      0.40777567       1.1788901       1.0000000      7.51899630E-02  0.33236220     -0.29535815       1.0407683      0.93800002    
           0           0        1120   2.3872178       9.9692869       2.5859060       1.0000000      0.39205596      0.34685978     -0.19341630       1.0914547      0.93800002    
           0           0        1120  0.33362493       7.0642052       1.9361560       1.0000000      8.97813775E-03 -0.47845486      0.17273280       1.0670897      0.93800002    
           0           0        1120   8.1356249       8.0728407       4.8152685       1.0000000      3.75190936E-02  0.28084859     -0.16415109      0.99351561      0.93800002    
           0           0        1120   6.9925938       4.2585530       8.2524071       1.0000000      0.44561368      5.48412502E-02  0.21049519       1.0610049      0.93800002    
           0           0        1120   3.7836037       6.4833875      0.45672718       1.0000000     -0.34452268      0.38535398      0.22156572       1.0936768      0.93800002    
           0           0        1120   9.6166716       4.3030090       1.3203136       1.0000000     -6.06687926E-02 -3.28122638E-02 -8.99167806E-02  0.94482082      0.93800002    
           0           0        1120   2.7719672       2.7850957       9.5462084       1.0000000      0.30435750      0.46851048      0.49972278       1.2007091      0.93800002    
           0           0        1120   9.4716024       2.4855113      6.70498610E-02   1.0000000     -5.52726835E-02  0.17404878     -3.51963914E-03  0.95561731      0.93800002    
           0           0        1120  0.21009250       8.3176327       1.0854585       1.0000000     -0.40684837      0.39020565     -5.40547892E-02   1.0956970      0.93800002    
           0           0        1120   9.0690680       5.5403981       7.5943437       1.0000000      0.31555137      3.29685025E-02 -0.44486484       1.0855452      0.93800002    
           0           0        1120  0.53985655       8.9918823       1.4690738       1.0000000     -1.73526853E-02 -0.43269703     -0.21883814       1.0560597      0.93800002    
           0           0        1120   9.3284912       5.0731792       5.6450300       1.0000000      0.30071321      0.14588749     -0.19078051       1.0138801      0.93800002    
           0           0        1120  0.47806606       2.5196583       7.1388116       1.0000000      0.17099401      0.10528576     -0.35172811       1.0217048      0.93800002    
           0           0        1120   7.9525037       6.6527734       8.5430202       1.0000000      0.31053367     -0.42885602     -0.43120643       1.1602292      0.93800002    
           0           0        1120   8.9046659       7.5804596      0.70310587       1.0000000      0.35209447      0.27535689      0.18489520       1.0553777      0.93800002    
           0           0        1120   2.3455279       4.6157570       9.3643541       1.0000000      0.16494642     -4.03204113E-02  0.38782352       1.0291182      0.93800002    
           0           0        1120   5.7462225      0.30168623       7.6735473       1.0000000     -0.15452145      0.10912314     -0.28245714      0.99770278      0.93800002    
           0           0        1120   6.4376054       5.7139263       8.0231104       1.0000000      0.46233556     -9.82301459E-02  0.49655342       1.1618143      0.93800002    
           0           0        1120   7.4594584       4.4841118       3.9578428       1.0000000     -0.37661007      3.26149128E-02  0.33337960       1.0648403      0.93800002    
           0           0        1120   9.1767311       8.2560759       4.4591541       1.0000000     -0.23286380      0.16439889      0.26686069       1.0160272      0.93800002    
           0           0        1120   6.6596828       5.0395513       8.3515368       1.0000000      0.12240538     -4.24610823E-02  5.49832769E-02  0.94850051      0.93800002    
           0           0        1120   3.6581371       6.5630221       9.1703863       1.0000000     -0.22394541     -0.37878555      0.46617827       1.1361321      0.93800002    
           0           0        1120   6.9743900       4.4354777       6.3019581       1.0000000     -0.13165332     -0.26180804     -0.19972618       1.0028014      0.93800002    
           0           0        1120   7.1033216      0.47474837       4.9252543       1.0000000     -0.41874602     -0.37798321      0.49310219       1.2005055      0.93800002    
           0           0        1120   3.5509102       7.6486373       9.0409956       1.0000000     -0.10389039      0.31713486     -0.15102577       1.0069859      0.93800002    
           0           0        1120   2.6619363       3.6750195       7.5231624       1.0000000      8.78000259E-02 -1.05789052E-02  0.17347406      0.95799690      0.93800002    
           0           0        1120   3.2829614       8.5394583       8.3238077       1.0000000     -0.34041131     -0.17758898      0.45017371       1.1090168      0.93800002    
           0           0        1120  0.95376712       2.3101985       8.6060772       1.0000000     -0.14037281      0.48484370     -0.46802434       1.1634728      0.93800002    
           0           0        1120   8.2864990       5.1680951       4.8940792       1.0000000      0.46397731      0.46013173      0.18181679       1.1575395      0.93800002    
           0           0        1120   8.6078815       4.5582929       3.3239067       1.0000000     -0.44085020     -4.77540232E-02 -0.28264579       1.0753428      0.93800002    
           0           0        1120   3.4560745       5.4997201       3.1762226       1.0000000      0.39297643     -9.95454937E-03 -0.24352099       1.0457897      0.93800002    
           0           0        1120   9.6899862       9.1063643       2.2671759       1.0000000     -0.17217143     -0.21329790     -0.35748494       1.0405664      0.93800002    
           0           0        1120  0.99281740       1.9233241       3.0837686       1.0000000      0.37141597     -0.10885122      0.28866088       1.0549728      0.93800002    
           0           0        1120   2.0081604       9.8647594       8.8286209       1.0000000     -0.39013755     -0.14571674      5.57426810E-02   1.0278093      0.93800002    
           0           0        1120   6.9069848       6.4381576       3.6310430       1.0000000     -0.42113730     -0.29917958      0.21697353       1.0926055      0.93800002    
           0           0        1120   7.4435372       7.6763644       2.4544246       1.0000000      0.16800912      0.38698938     -0.13315007       1.0370924      0.93800002    
           0           0        1120   5.3155661       5.0284400       3.1454368       1.0000000      0.12254137     -0.48009613      0.17635514       1.0753855      0.93800002    
           0           0        1120   4.2981863       2.3283522       9.8761950       1.0000000     -0.19342786     -5.36296237E-03  0.24861489      0.98949307      0.93800002    
           0           0        1120   8.9184361      0.45285496       4.2756109       1.0000000     -0.27302155     -1.59270149E-02 -0.33535436       1.0330058      0.93800002    
           0           0        1120  0.89807487       3.8426373      0.23835473       1.0000000     -0.17026545      3.12307365E-02 -2.33166385E-02  0.95412439      0.93800002    
           0           0        1120   8.7748251       4.5550160       4.9730248       1.0000000     -0.10381570      0.38612473      0.23607010       1.0466342      0.93800002    
           0           0        1120   1.0891759       3.9792190       8.4257498       1.0000000      0.32620031      0.43665516     -0.25441039       1.1142904      0.93800002    
           0           0        1120   6.3968863       4.9333501      0.73449504       1.0000000      0.28013811     -0.45788789      0.20111647       1.0992864      0.93800002    
           0           0        1120   9.4052324       7.0054817       7.7676029       1.0000000     -0.30725741     -0.49307474      0.34298363       1.1554270      0.93800002    
           0           0        1120   9.1932421       2.4208326       1.9010067       1.0000000      0.23508464     -0.33547768      0.49030644       1.1349249      0.93800002    
           0           0        1120   9.8284798       6.5716953      0.18773644       1.0000000      0.25959650     -0.14243239      9.01634432E-03  0.98366797      0.93800002    
           0           0        1120   7.3889966       5.6792316       2.8905663       1.0000000     -8.49828571E-02  0.48105457     -0.13411552       1.0660518      0.93800002    
           0           0        1120   5.1787825       8.4420900       9.6812267       1.0000000     -0.24110547     -2.16895584E-02 -6.26590103E-02  0.97075874      0.93800002    
           0           0        1120   3.7939801       2.0308189       5.5082073       1.0000000     -0.24445727      5.00980318E-02  0.37047794       1.0389260      0.93800002    
           0           0        1120   2.4123020       1.5710824       2.1826084       1.0000000     -0.38372228      0.24901828     -0.34170935       1.0981176      0.93800002    
           0           0        1120   4.7635388       5.4532733       8.7897816       1.0000000     -0.48285580      4.29819860E-02 -0.18198192       1.0714283      0.93800002    
           0           0        1120   7.8880534       8.7172136       7.3849039       1.0000000     -0.40766698     -0.19860135      0.13710329       1.0508455      0.93800002    
           0           0        1120   5.7156429       7.1281033       6.4428926       1.0000000     -0.26952398      0.47169557      0.46615943       1.1799527      0.93800002    
           0           0        1120   2.9188390       1.7528582       3.1288254       1.0000000      0.48465127      6.83913529E-02  0.34446856       1.1126845      0.93800002    
           0           0        1120   1.4443390       4.5994062       6.0789790       1.0000000     -0.31587729     -0.15719451      0.10643300       1.0077999      0.93800002    
           0           0        1120   8.3819656       1.8618852      0.30274469       1.0000000     -0.19260815     -0.37471396     -0.22960503       1.0535990      0.93800002    
           0           0        1120   8.7416143       3.7050955       8.9423342       1.0000000     -9.20043290E-02  0.38187847      0.14795125       1.0276330      0.93800002    
           0           0        1120   2.3698673       5.2880735       2.9373155       1.0000000     -0.40567958      0.43453863     -0.37832066       1.1731881      0.93800002    
           0           0        1120   3.4968176      0.67026860       6.4219675       1.0000000      0.19244714     -0.16507326     -0.12575580      0.97976714      0.93800002    
           0           0        1120   3.1388505       5.3873830      0.98592526       1.0000000     -9.48577467E-03 -0.17126434      0.20972580      0.97634542      0.93800002    
           0           0        1120   8.8169804       3.9300048       8.5424328       1.0000000     -3.62234078E-02  2.70563904E-02 -6.69010729E-03  0.93911284      0.93800002    
           0           0        1120   2.6778433       5.8307748      0.57351416       1.0000000      0.45933637      0.27141717     -0.45728153       1.1720101      0.93800002    
           0           0        1120   4.9843335      0.52294272       5.6155143       1.0000000      0.46036190      0.11981732      2.86283679E-02   1.0521183      0.93800002    
           0           0        1120   6.9823518       1.8616204       5.5399818       1.0000000      0.16612029     -0.34726894      0.44875017       1.1087887      0.93800002    
           0           0        1120   1.8682579       5.8051267       8.5102444       1.0000000     -0.39313415      0.17586173      0.29604524       1.0737637      0.93800002    
           0           0        1120   6.5764608      9.34952348E-02   2.0626760       1.0000000      0.13642037     -0.46174353      0.17771025       1.0692252      0.93800002    
           0           0        1120   6.7791791       6.7168427       3.9631772       1.0000000      0.16159704      0.13336039      0.46212423       1.0664433      0.93800002    
           0           0        1120   9.9271145      0.99344826      0.67893273       1.0000000     -7.39868507E-02  0.44704551      0.20832601       1.0623406      0.93800002    
           0           0        1120   4.6681786      0.44836289       7.4858093       1.0000000      0.17837070     -0.28907865     -0.10150969       1.0027616      0.93800002    
           0           0        1120   9.5367556      0.28902286       9.3576660       1.0000000      0.34693047      0.16276017      0.36791089       1.0779861      0.93800002    
           0           0        1120   6.5235934       4.5280495       3.0522897       1.0000000     -0.14796501     -0.22035660     -0.26395440       1.0099339      0.93800002    
           0           0        1120  0.27003461       6.5206237       7.1200023       1.0000000      0.11993086     -0.37456092     -4.72100377E-02   1.0182103      0.93800002    
           0           0        1120   9.2233152       1.2084436       4.0380898       1.0000000     -0.23970956      0.27884364      0.16784120       1.0213859      0.93800002    
           0           0        1120  0.26789439       4.9133229       9.1506090       1.0000000      0.20402534      0.12820086      7.83384666E-02  0.97161865      0.93800002    
           0           0        1120   6.2915640       7.3041067       6.4131832       1.0000000     -3.62906642E-02  0.11429124     -0.24552934      0.97698933      0.93800002    
           0           0        1120   8.0868273       2.2898374       4.5047798       1.0000000      0.37423515     -0.29722610      2.37111915E-02   1.0529965      0.93800002    
           0           0        1120   1.2651826       5.7940288       2.6188467       1.0000000     -0.29223093      5.28381616E-02  0.35139537       1.0447552      0.93800002    
           0           0        1120   5.1359444       5.5825982       6.6614852       1.0000000      0.49897465     -0.32172593     -0.38326037       1.1744002      0.93800002    
           0           0        1120  0.68425542       6.2271338       3.1448295       1.0000000      0.38982794      0.30647767     -7.00830519E-02   1.0633203      0.93800002    
           0           0        1120   5.2469544       4.5267553       6.3074312       1.0000000      6.65944889E-02  0.45886067      0.40805230       1.1230934      0.93800002    
           0           0        1120   7.0089827       3.7702539       6.8379622       1.0000000     -0.30191153      0.11740070     -8.62738416E-02  0.99610275      0.93800002    
           0           0        1120   8.2358837       7.5557795       7.0309730       1.0000000     -0.13570572      0.31978700      0.25158176       1.0314151      0.93800002    
           0           0        1120  0.48769510       5.2856898       6.1674819       1.0000000     -0.22905716      0.30084175     -0.26482579       1.0454423      0.93800002    
           0           0        1120   9.0378656       2.5880158       1.9133642       1.0000000     -0.48758966      0.35341400      0.12100871       1.1212192      0.93800002    
           0           0        1120   8.5586195       1.4010620       8.7268801       1.0000000      0.20883973     -0.40735900     -0.47924957       1.1485119      0.93800002    
           0           0        1120   7.8263650      0.30082524       5.0461063       1.0000000     -0.41837782      0.27349374      0.37257728       1.1262755      0.93800002    
           0           0        1120   8.8003120       8.8352432       8.7242737       1.0000000     -4.12777737E-02  0.40229884      4.79049534E-02   1.0225885      0.93800002    
           0           0        1120  0.55988437       5.9117990       5.6394172       1.0000000      0.27613008     -0.20443022     -0.45914635       1.0994085      0.93800002    
           0           0        1120   3.9856718       2.8227463       8.0671635       1.0000000      7.15936208E-03  0.18815097     -5.33595961E-03  0.95672596      0.93800002    
           0           0        1120   4.5454602       4.2148008      0.39251733       1.0000000     -0.40880379     -0.10618469     -0.36462680       1.0914177      0.93800002    
           0           0        1120   9.6865063       8.1167612       3.2596540       1.0000000      0.46199918     -0.39971879     -0.39707538       1.1877421      0.93800002    
           0           0        1120   3.0725908       3.3368206       8.5796614       1.0000000      2.29217354E-02  0.11550004      0.48155868       1.0609469      0.93800002    
           0           0        1120   7.9748473       1.9880967       4.5670419       1.0000000      7.09707960E-02 -0.28509131      0.18643332       1.0004575      0.93800002    
           0           0        1120   2.7860212       1.7973984       3.9749794       1.0000000     -0.33714107      0.30262175     -0.41635409       1.1218016      0.93800002    
           0           0        1120   6.3827076       2.3085651       5.8009439       1.0000000      0.36429250      0.43273827      0.32139313       1.1415380      0.93800002    
           0           0        1120   4.8059049       6.3637300       1.8150866       1.0000000     -3.07994988E-02 -0.19072355      0.16881043      0.97245312      0.93800002    
           0           0        1120   7.2234116       5.7485666       5.2785449       1.0000000      0.30923155      0.48688266     -0.17613950       1.1151448      0.93800002    
           0           0        1120   6.0639644       7.5955896       7.9096818       1.0000000     -0.43007019      5.04654124E-02 -0.49070171       1.1437392      0.93800002    
           0           0        1120   7.8462949       6.8904409       9.6358805       1.0000000      1.64415985E-02 -0.14282170     -1.76631082E-02  0.94911772      0.93800002    
           0           0        1120   4.2995958       9.9630613       6.0117602       1.0000000      0.28500420      0.47054213     -1.21454513E-02   1.0874875      0.93800002    
           0           0        1120  0.94926751       9.7933178       1.2087774       1.0000000      0.13026033     -0.30575246     -0.28691828       1.0356729      0.93800002    
           0           0        1120  0.14598779       3.6667111       3.4010079       1.0000000      0.22178635     -0.13246688     -0.47896647       1.0844306      0.93800002    
           0           0        1120   1.3168799       5.8675966       7.3360462       1.0000000      0.36363515     -0.36300534     -0.44757304       1.1593831      0.93800002    
           0           0        1120   4.0622339       2.4165695       4.7245069       1.0000000      0.37221599     -4.52807657E-02 -0.42842093       1.0972619      0.93800002    
           0           0        1120   3.1406124       4.9282312       7.4172115       1.0000000      0.19478366      0.48286787     -0.18025187       1.0878588      0.93800002    
           0           0        1120   8.0420370      0.53467816       7.4615536       1.0000000     -0.19652507     -0.40691850      0.43453166       1.1282139      0.93800002    
           0           0        1120   7.4686818       1.0004847       7.2029653       1.0000000     -0.28924626      0.46309674      0.24918941       1.1135805      0.93800002    
           0           0        1120   7.3962193       5.1007233      0.87292987       1.0000000      0.15002047     -0.41763514      0.22692074       1.0621970      0.93800002    
           0           0        1120   5.3261828       7.4930587       8.6126690       1.0000000     -0.46530056     -0.40687755      0.15525709       1.1340206      0.93800002    
           0           0        1120   9.5951786       4.8705721       8.5989571       1.0000000     -0.41520557      0.21854171      0.35091832       1.1059583      0.93800002    
           0           0        1120   8.1888475       7.1627445       4.0822392       1.0000000      0.13658567      2.38387026E-02 -0.12796113      0.95678735      0.93800002    
           0           0        1120   3.5342610       5.9804907      0.97486877       1.0000000     -0.22364697     -3.75067182E-02  0.12679520      0.97331691      0.93800002    
           0           0        1120   1.6735535       2.9105840       3.7902551       1.0000000      0.39725453      0.42018047      0.38948500       1.1687195      0.93800002    
           0           0        1120   4.5488572       4.4267745       5.0958910       1.0000000     -0.12567228     -9.30452421E-02  0.47650358       1.0636497      0.93800002    
           0           0        1120   3.6800315       1.1249840       2.4206471       1.0000000      0.19537830      0.46438769      0.41734898       1.1436139      0.93800002    
           0           0        1120  0.56897855       6.5183611       9.1849213       1.0000000     -0.43570870      0.45630842     -3.74900661E-02   1.1310654      0.93800002    
           0           0        1120   4.6027808       2.5840852       4.3050346       1.0000000     -0.20756705      0.24456400     -0.42871886       1.0800647      0.93800002    
           0           0        1120   1.7557919       4.3304424       2.8971250       1.0000000      4.25221585E-02  0.15136994      0.47384793       1.0625898      0.93800002    
           0           0        1120   1.8674972       4.2044311       9.3804626       1.0000000      0.22129355     -0.18252285      0.23144622       1.0078179      0.93800002    
           0           0        1120   9.7734547      0.23041220       2.5751112       1.0000000      0.26485816     -4.75359298E-02  0.29161876       1.0184768      0.93800002    
           0           0        1120   2.3062322       3.3255548       3.8463149       1.0000000      0.19782530     -0.46086341     -8.95962864E-02   1.0674275      0.93800002    
           0           0        1120   9.3600178       4.4097261       5.1610417       1.0000000     -0.39041641     -0.31652281     -1.25779910E-02   1.0642433      0.93800002    
           0           0        1120   2.9238579       6.1061153       9.4559574       1.0000000     -0.23685642      0.49061573     -0.28749514       1.1221864      0.93800002    
           0           0        1120   8.9721613       2.1404979       2.6948986       1.0000000     -4.08054031E-02  0.31484509     -0.41399184       1.0733247      0.93800002    
           0           0        1120   8.5263777       7.8815212       8.2828979       1.0000000     -0.29442954     -0.39280152      0.35181248       1.1156155      0.93800002    
           0           0        1120   1.4065521       6.8507962       6.4962273       1.0000000     -8.71103257E-04 -0.13406157      0.42036375       1.0365920      0.93800002    
           0           0        1120   2.0749967       6.2605209       3.5093937       1.0000000      0.31442675      3.82167771E-02  0.47315264       1.0972886      0.93800002    
           0           0        1120   6.6935239       9.6723118       1.1358916       1.0000000     -5.84103391E-02 -0.47520360     -0.20309640       1.0725309      0.93800002    
           0           0        1120   3.2150035       6.7347450       4.6204119       1.0000000      0.48979777     -1.26380762E-02 -0.38697127       1.1267885      0.93800002    
           0           0        1120  0.22928567       6.8325534       3.7852404       1.0000000     -8.37643817E-03  0.24022269     -0.42430615       1.0571929      0.93800002    
           0           0        1120   8.0243883       3.0799856      4.05781344E-02   1.0000000     -0.38374069      0.19371346     -0.32071805       1.0805026      0.93800002    
           0           0        1120  0.91652733       3.5186219       7.3856378       1.0000000      1.27868848E-02  0.21948081      0.32445064       1.0165863      0.93800002    
           0           0        1120  1.09666847E-02   8.0895491       3.3990555       1.0000000      9.96158347E-02 -5.80930673E-02 -5.27135544E-02  0.94653100      0.93800002    
           0           0        1120   2.6262405       4.1768394       2.7527363       1.0000000     -7.63315260E-02  0.40357941      0.12924863       1.0321105      0.93800002    
           0           0        1120   5.6271577       9.0503263       7.7559843       1.0000000     -0.28555647      4.36327383E-02  0.18626897      0.99899274      0.93800002    
           0           0        1120  2.97601670E-02   1.8779327       6.6573596       1.0000000      0.24778573      3.46321166E-02  0.22994013      0.99765408      0.93800002    
           0           0        1120   5.9488997       4.6206026       8.4830971       1.0000000     -0.43742540      0.24039936      5.54728806E-02   1.0639803      0.93800002    
           0           0        1120   1.0915408       4.4299369       7.8044515       1.0000000      0.49762821     -0.24029036     -0.22809952       1.1123159      0.93800002    
           0           0        1120   4.3330297       7.5000005       9.4874754       1.0000000      0.42423642     -0.13591588     -5.34119755E-02   1.0397819      0.93800002    
           0           0        1120   4.8395357       6.0164318       3.5104196       1.0000000     -0.27803841      0.39093396      0.35213754       1.1108464      0.93800002    
           0           0        1120  0.26137137       1.7920246       7.7656503       1.0000000      0.27477702     -2.11140253E-02 -0.38763157       1.0516894      0.93800002    
           0           0        1120   5.7539897       3.3626404       5.1855717       1.0000000     -0.43849877     -0.30054480     -0.31098679       1.1221253      0.93800002    
           0           0        1120   3.5091639       2.1266716       1.2097324       1.0000000     -0.35917255      3.49835865E-02  7.00924844E-02   1.0074650      0.93800002    
           0           0        1120   4.4825859      0.76255620       4.8338675       1.0000000      0.37812898      0.42779163     -0.33515352       1.1481111      0.93800002    
           0           0        1120   3.0837901       5.3583999       3.4568555       1.0000000      0.29072168     -0.26724306      0.27972472       1.0554752      0.93800002    
           0           0        1120   9.6327219       6.9156890       1.7933842       1.0000000     -0.18763949      0.10554384     -0.16217420      0.97595727      0.93800002    
           0           0        1120   3.5007524       1.7010294       7.5913043       1.0000000      0.26634243      0.47659224     -0.36803883       1.1460258      0.93800002    
           0           0        1120   1.3700643       8.8539667       3.2858953       1.0000000     -0.17667529      0.29776555      0.27683905       1.0374788      0.93800002    
           0           0        1120  0.51569438       8.2369356       5.8479080       1.0000000     -0.48177701     -0.43230814      6.49432763E-02   1.1415170      0.93800002    
           0           0        1120  6.99098930E-02   6.6331496       4.7989492       1.0000000      0.39726856     -0.34252176     -0.39991280       1.1466986      0.93800002    
           0           0        1120  0.16721494       4.2361903       7.7922211       1.0000000     -0.33535418      1.75247937E-02 -0.47260305       1.1027091      0.93800002    
           0           0        1120  0.59081119       6.5092020       2.1838758       1.0000000     -9.90139544E-02 -0.34659559     -0.43298921       1.0941919      0.93800002    
           0           0        1120   9.2152195       2.0483403       4.1581202       1.0000000     -0.41871181      7.68769756E-02 -0.42517856       1.1143835      0.93800002    
           0           0        1120   6.0695357       1.2932764       4.3747292       1.0000000      2.84506511E-02  0.47415122     -0.20320275       1.0708708      0.93800002    
           0           0        1120   6.3546100       1.8610084       9.6907701       1.0000000     -0.25639600      0.32216364     -0.40155360       1.1002808      0.93800002    
           0           0        1120   9.9817896       3.9582248       6.6397676       1.0000000      4.60774153E-02 -0.36153820      0.29793847       1.0494972      0.93800002    
           0           0        1120  0.44947422       8.2023869       3.7206953       1.0000000      9.60742831E-02  0.25033942      1.94329284E-02  0.97576725      0.93800002    
           0           0        1120   3.5440495       5.7089925       2.9601235       1.0000000      0.43332958     -0.40502337     -8.15914571E-03   1.1098329      0.93800002    
           0           0        1120   3.1728013       9.6906452       1.1994357       1.0000000      4.64632958E-02  0.32201922     -0.10493118      0.99835354      0.93800002    
           0           0        1120   2.3921518       7.6761355       5.3438964       1.0000000     -0.32627726     -0.39154980      1.44130504E-02   1.0676235      0.93800002    
           0           0        1120   4.7582059       5.7394733       9.3893070       1.0000000      0.24507001      0.34557307      0.34601724       1.0858417      0.93800002    
           0           0        1120   3.4219782       1.6700945       8.4865780       1.0000000      0.48281780     -0.45440409      0.27027890       1.1800385      0.93800002    
           0           0        1120   2.3391721       7.3462934       6.8273578       1.0000000     -3.47891822E-02 -0.29207826     -0.40211317       1.0621012      0.93800002    
           0           0        1120   9.7407846       6.9850473       4.0243545       1.0000000      1.35801993E-02  0.21820353      9.05583501E-02  0.96738929      0.93800002    
           0           0        1120   5.1875620      0.95619529       1.1653306       1.0000000      0.21852568      0.21565613     -0.14029931      0.99688965      0.93800002    
           0           0        1120  0.64124256       4.4239073       5.1685400       1.0000000     -0.47882748      0.17321467     -0.19662359       1.0852575      0.93800002    
           0           0        1120   8.2956104       9.8342400       4.7196364       1.0000000     -6.38583256E-03 -1.38548398E-02  0.44457525       1.0381348      0.93800002    
           0           0        1120   7.0679312       8.5760126       1.2905023       1.0000000      0.44117343     -0.25207311      0.44725204       1.1567426      0.93800002    
           0           0        1120   5.1218286      0.90566570       4.6833358       1.0000000     -0.39020079     -0.42413789     -6.94901198E-02   1.1030968      0.93800002    
           0           0        1120   7.9400287       1.9192952       2.4283335       1.0000000      0.29642671     -7.76262023E-05  0.39088634       1.0585390      0.93800002    
           0           0        1120   8.7158823       6.2157073       6.5639539       1.0000000     -0.13833228     -5.88237159E-02  6.42028078E-02  0.95213556      0.93800002    
           0           0        1120   5.0234089       9.6586657       3.3507721       1.0000000      0.28226078      0.15654878     -0.23015922       1.0183300      0.93800002    
           0           0        1120  0.56213051       2.0469971       7.7986054       1.0000000     -0.43058139     -0.21434206     -0.23025842       1.0789837      0.93800002    
           0           0        1120   1.6876242       7.8292379       9.7394657       1.0000000      0.27677560     -0.35832602      0.34362888       1.0967803      0.93800002    
           0           0        1120   6.8978601      2.88716592E-02   3.3916867       1.0000000      0.31897834     -0.47982997     -0.32824481       1.1487266      0.93800002    
           0           0        1120   4.8881464       7.1588788       8.9637575       1.0000000      0.41697389      0.18403606     -0.28921011       1.0822306      0.93800002    
           0           0        1120   3.7616303       6.1709132       1.3066887       1.0000000      0.19577898     -0.40085295      6.35953620E-02   1.0406252      0.93800002    
           0           0        1120   2.7381704       2.3281078       3.9596226       1.0000000      0.17794006      5.56859113E-02  0.17673615      0.97254473      0.93800002    
           0           0        1120   5.8089199       6.2247972      0.38848129       1.0000000     -8.08738321E-02  0.29095590      8.44110250E-02  0.98902231      0.93800002    
           0           0        1120   8.8567085       1.1048388       1.6966985       1.0000000      0.44662061      0.41810295     -0.40998209       1.1925642      0.93800002    
           0           0        1120   2.6985922      0.15106411       9.5336790       1.0000000      0.35086015     -0.18289956     -0.29090273       1.0587840      0.93800002    
           0           0        1120   9.8432531       2.1978645       5.5625057       1.0000000     -0.43501252      0.41291130     -9.81269479E-02   1.1176782      0.93800002    
           0           0        1120   4.5716195       6.2014756       2.3762186       1.0000000     -0.10002743      4.62248735E-02 -0.39130017       1.0223024      0.93800002    
           0           0        1120   6.2961688      0.28921208       3.1306372       1.0000000      0.49515748     -0.32278004     -0.46813703       1.2034800      0.93800002    
           0           0        1120   3.6573100      0.63740093       5.4707289       1.0000000     -0.45550007      0.44254506      0.16033089       1.1440614      0.93800002    
           0           0        1120   6.5616469       5.5057998       6.0668478       1.0000000      0.10545141      2.02399194E-02 -0.35864303       1.0099498      0.93800002    
           0           0        1120   3.2226896       8.2398157      0.74957073       1.0000000      0.33997914      0.40181497      8.49179775E-02   1.0789329      0.93800002    
           0           0        1120   3.5256736       6.0023699       9.5887403       1.0000000     -0.25141868      3.64578106E-02 -0.39818031       1.0502057      0.93800002    
           0           0        1120   9.3449411       6.0042381       8.3962479       1.0000000      0.36508542     -0.41103962      0.35018823       1.1422420      0.93800002    
           0           0        1120   3.4663873       1.8870137       1.9992135       1.0000000     -1.86534449E-02 -0.10325524      0.45292374       1.0468971      0.93800002    
           0           0        1120   1.6581137       2.0153549       7.2123723       1.0000000      0.11640560     -0.49333394     -0.15763423       1.0777854      0.93800002    
           0           0        1120   8.5955839       6.4423375      9.87892598E-02   1.0000000     -9.45739597E-02  0.23545448     -4.50069271E-02  0.97275519      0.93800002    
           0           0        1120   3.9793434       4.9970708       8.8640394       1.0000000      0.13873808     -0.16662486     -0.35102871       1.0247328      0.93800002    
           0           0        1120   8.0156775       2.2920840       9.1582661       1.0000000      4.28800508E-02  0.28172064     -5.91032691E-02  0.98211122      0.93800002    
           0           0        1120   7.6228166       3.6601455       2.8791752       1.0000000      0.41712120     -0.43070680     -0.28436974       1.1490033      0.93800002    
           0           0        1120   5.3315086       6.3284349       5.5744715       1.0000000     -0.43805024     -0.35094893     -0.44738331       1.1811219      0.93800002    
           0           0        1120   9.5868063       2.8521090       8.9694901       1.0000000      0.17256376     -2.58632526E-02  7.45246485E-02  0.95699799      0.93800002    
           0           0        1120   5.3888459       9.6994715       9.7666960       1.0000000     -0.14672090      7.42383972E-02 -0.40726826       1.0357363      0.93800002    
           0           0        1120   2.6851068       2.3718038       4.5540776       1.0000000     -0.41219398      0.18689723     -0.16286701       1.0541366      0.93800002    
           0           0        1120   9.0692282       2.4795501       2.6922946       1.0000000     -0.34276894      0.33022848     -0.13091673       1.0599644      0.93800002    
           0           0        1120   4.0598063       8.7579746       6.3549409       1.0000000     -0.26256263      0.38632098     -0.26249188       1.0802449      0.93800002    
           0           0        1120   3.6865411       1.6678871      0.14023271       1.0000000      0.28005150      0.16943555     -0.37813908       1.0630007      0.93800002    
           0           0        1120  0.77844864       1.1117588       6.4941616       1.0000000      0.35158619      0.21584147      0.37468672       1.0910704      0.93800002    
           0           0        1120  0.60951102       9.2342539       1.4882158       1.0000000     -0.44501770      0.11442547      9.40942690E-02   1.0487286      0.93800002    
           0           0        1120   1.8069136       2.3650095       8.0330639       1.0000000      0.48857298     -9.86944139E-02 -0.28080410       1.0986989      0.93800002    
           0           0        1120   5.5051494       4.0440969       4.9117203       1.0000000     -0.14749441     -0.33005363     -0.19551378       1.0240897      0.93800002    
           0           0        1120   2.3753872       6.3543696       2.9923451       1.0000000     -0.47958991      0.34012604     -0.23191506       1.1310706      0.93800002    
           0           0        1120   2.3912497       7.4111075       9.7424698       1.0000000     -0.20646149      0.37472212      0.39498609       1.1040385      0.93800002    
           0           0        1120   1.1211383       4.2523403       7.1502109       1.0000000      0.23726976     -0.41230324      0.42381680       1.1339116      0.93800002    
           0           0        1120   9.9559212       3.2472997       5.4254198       1.0000000     -0.42326608      0.31645265      6.86983392E-02   1.0788234      0.93800002    
           0           0        1120  0.21296006       9.3007784       7.8727322       1.0000000      0.21483709     -0.28473029     -0.44100007       1.0961530      0.93800002    
           0           0        1120   3.8357422       6.6207542       3.0897686       1.0000000     -0.45507452     -0.47534785      8.87346417E-02   1.1492460      0.93800002    
           0           0        1120   7.0932040       9.4171276       2.6583245       1.0000000      1.34511823E-02  0.31282812      1.80537663E-02  0.98904616      0.93800002    
           0           0        1120   8.0531597       5.0023341      0.24920617       1.0000000     -0.28854582      3.63556817E-02 -0.20626527       1.0034789      0.93800002    
           0           0        1120   5.9383035       3.9908555       5.9220037       1.0000000      0.34294990     -0.28346691      9.65201631E-02   1.0426544      0.93800002    
           0           0        1120  6.37020767E-02   9.1514025       6.6050286       1.0000000      0.26877528      0.36184132      2.03790739E-02   1.0408788      0.93800002    
           0           0        1120   5.5842371       2.5085216       7.2025385       1.0000000     -0.26174310     -0.12314735      0.19564384       1.0008973      0.93800002    
           0           0        1120   4.4400887       8.1940622      0.36869726       1.0000000     -8.70565921E-02  0.10136433      5.64518832E-02  0.94914931      0.93800002    
           0           0        1120   5.3772416       2.8128660       9.5121155       1.0000000     -7.71032646E-02  6.67711198E-02 -8.27201977E-02  0.94714832      0.93800002    
           0           0        1120   3.5245426       9.6839809       8.0836077       1.0000000      0.49559972      0.38527477     -7.61167854E-02   1.1312354      0.93800002    
           0           0        1120   8.6824083       1.6048460       2.1827934       1.0000000      0.24167429      0.48892418      0.17245941       1.0986536      0.93800002    
           0           0        1120   1.6228776       7.7610760       5.8785448       1.0000000      0.42404097      0.28101832      1.59210302E-02   1.0671830      0.93800002    
           0           0        1120   1.8073077       2.6971111       1.7543616       1.0000000      0.43652782      0.36947787      0.27956203       1.1336091      0.93800002    
           0           0        1120   9.8613119       5.1945310       7.6112299       1.0000000      0.17705868     -2.06686873E-02  0.49475631       1.0753627      0.93800002    
           0           0        1120   3.4528708       3.8394699      0.70253044       1.0000000     -0.49426574      0.36044753     -0.38024500       1.1826459      0.93800002    
           0           0        1120   9.2854719       8.3272648       7.1044602       1.0000000      0.10851951      0.32361457      0.18116306       1.0144787      0.93800002    
           0           0        1120   2.4342647       6.9858179       2.6309843       1.0000000     -6.98485076E-02  8.28352943E-02  0.20608120      0.96646470      0.93800002    
           0           0        1120   1.4284203       4.6741285       6.2884884       1.0000000     -0.30267739      0.30905759     -0.32763278       1.0836593      0.93800002    
           0           0        1120   8.4548912       1.2512492       4.5794802       1.0000000     -6.98523149E-02  2.07926780E-02 -7.00452253E-02  0.94343102      0.93800002    
           0           0        1120   9.8690100       9.2426872       4.8105817       1.0000000      0.20702091     -0.37227654     -5.07077798E-02   1.0314373      0.93800002    
           0           0        1120   2.6948540       7.0621619       6.8545704       1.0000000     -0.34557897      0.15096869     -0.33052650       1.0636297      0.93800002    
           0           0        1120   9.3334455       7.4529586       1.1107633       1.0000000     -0.25199652     -0.37067151      8.59209970E-02   1.0431328      0.93800002    
           0           0        1120  0.17027821       1.6408463       6.1205788       1.0000000      0.22908582      0.12861949     -0.28320077       1.0144309      0.93800002    
           0           0        1120   3.7220001      1.43082328E-02   3.6929476       1.0000000     -0.23477951     -4.23748139E-03  0.21643838      0.99087286      0.93800002    
           0           0        1120   8.6512146       4.2316451       6.4121532       1.0000000     -0.47822016      0.14557469     -0.13409051       1.0713127      0.93800002    
           0           0        1120   2.9502106       5.5301685       8.2193642       1.0000000      1.25006065E-02  6.38440922E-02 -0.36961842       1.0102941      0.93800002    
           0           0        1120   2.7747514       7.9906039       4.4327645       1.0000000     -0.46426368     -0.23352598     -3.99261452E-02   1.0730859      0.93800002    
           0           0        1120   5.7273574      0.59552944      0.27384835       1.0000000     -0.22244339     -0.11830427      0.33568627       1.0276216      0.93800002    
           0           0        1120   5.7810168       3.5188065       7.5052648       1.0000000      0.43784374     -0.43126616     -0.34449992       1.1731248      0.93800002    
           0           0        1120   7.5770540       3.9399266       7.6738973       1.0000000      0.32258832      4.57051657E-02 -0.23890086       1.0213079      0.93800002    
           0           0        1120   4.1387062       9.8988504       7.3862662       1.0000000      0.39405087     -3.48273739E-02  0.26892132       1.0529253      0.93800002    
           0           0        1120   6.3834071       2.2694306       1.7413546       1.0000000     -4.61148396E-02 -0.36221182      0.37718818       1.0749135      0.93800002    
           0           0        1120   1.9358900       3.9669745       6.9410825       1.0000000     -0.11057410      0.24846698      0.10166847      0.98190784      0.93800002    
           0           0        1120   1.0070349       7.9814944       3.8520069       1.0000000     -0.43886435      0.13849960      0.37445694       1.1098856      0.93800002    
           0           0        1120   2.8151820       6.6647062       6.9045019       1.0000000     -0.22973619     -0.11999802      4.78549376E-02  0.97432661      0.93800002    
           0           0        1120   2.1392324      0.37683329       9.7564650       1.0000000      0.12088589     -6.89099133E-02 -0.14470877      0.95924276      0.93800002    
           0           0        1120   6.5398021       4.0164285       6.8442650       1.0000000      0.10018318      0.32954866     -0.29411483       1.0416269      0.93800002    
           0           0        1120   2.6434500       4.0327611       6.7231593       1.0000000     -0.49998930     -0.37431535      0.44184068       1.2104415      0.93800002    
           0           0        1120   8.4787369       2.8238957       7.5353661       1.0000000      0.14248200     -9.71510261E-02 -0.11225795      0.96030480      0.93800002    
           0           0        1120  0.96608275       6.9231334       4.3263683       1.0000000     -0.28253862      0.13643089     -0.32963285       1.0425657      0.93800002    
           0           0        1120   4.1380930       6.2440286      0.15249906       1.0000000      0.21660294     -0.14960274     -0.37109950       1.0425242      0.93800002    
           0           0        1120   9.3603945       3.7728987       5.3986125       1.0000000     -0.30913264      0.29948717     -0.28663081       1.0711007      0.93800002    
           0           0        1120   8.6500130      0.17304407       5.2699327       1.0000000      0.43460360      0.28688085     -1.24630583E-02   1.0729307      0.93800002    
           0           0        1120   4.7270217       1.6718951       6.2584324       1.0000000     -0.42215687     -0.24119450     -0.18385726       1.0723985      0.93800002    
           0           0        1120   8.2720490      0.39308771       4.8836465       1.0000000      0.25672626      1.98278911E-02  2.66118664E-02  0.97306412      0.93800002    
           0           0        1120   5.8994946       2.6021492       8.5740862       1.0000000     -0.49729392      0.34953743      4.58205454E-02   1.1186694      0.93800002    
           0           0        1120   4.9245071       8.1082745      0.36509827       1.0000000      0.20423463     -0.21131895     -0.13965790      0.99283224      0.93800002    
           0           0        1120   6.2670183       5.5153556       7.0261312       1.0000000      2.34099440E-02  0.44126332      0.42782611       1.1216687      0.93800002    
           0           0        1120   8.3976393       6.8451381       4.5417252       1.0000000     -7.18156695E-02  0.40718904      0.42167762       1.1084297      0.93800002    
           0           0        1120   8.3592958       7.7223501       2.1000817       1.0000000     -0.13155511     -7.89482519E-02  0.43254882       1.0442615      0.93800002    
           0           0        1120   5.5116611       7.1012750       6.4443140       1.0000000      0.45030442      4.01004106E-02 -2.57142689E-02   1.0415792      0.93800002    
           0           0        1120   2.1414311       4.0365529       9.7398577       1.0000000      0.30842659     -0.16073056     -4.53078970E-02   1.0014280      0.93800002    
           0           0        1120   8.0718346       4.3932528       3.3541083       1.0000000     -0.32154047      0.31576049      3.26181501E-02   1.0411537      0.93800002    
           0           0        1120   8.8017311       2.6603508       7.7185674       1.0000000      0.49748307      0.12138555     -4.42745760E-02   1.0695925      0.93800002    
           0           0        1120   9.8952408       2.9449151       1.3132837       1.0000000      0.49309784      0.43285650      0.25109684       1.1719232      0.93800002    
           0           0        1120   6.4941883       7.6049032       5.6793618       1.0000000      0.32309452      0.48914868     -0.15179965       1.1164871      0.93800002    
           0           0        1120   9.4189844       4.4831772       1.3945743       1.0000000     -0.39903253     -0.38843077     -0.22444908       1.1136997      0.93800002    
           0           0        1120   3.4565315       7.0353570       3.2496336       1.0000000     -0.36313915      0.27024511     -0.15945446       1.0536472      0.93800002    
           0           0        1120  0.15739492       8.3543081       8.8943739       1.0000000     -5.68345152E-02  0.20468818     -0.10797815      0.96779686      0.93800002    
           0           0        1120   7.5558343       7.2904959      2.93116476E-02   1.0000000     -0.35569164     -0.32593003      0.11716542       1.0612817      0.93800002    
           0           0        1120   9.7152634       5.3263717       5.3342867       1.0000000      0.12738670      0.20928541     -0.32759234       1.0233223      0.93800002    
           0           0        1120   8.7766523       3.4364405       9.1037931       1.0000000      0.14626306     -2.02736240E-02 -0.30977905      0.99880481      0.93800002    
           0           0        1120   9.2093840       9.4606037      0.98412728       1.0000000     -0.44623944     -0.12230096      0.49337471       1.1564385      0.93800002    
           0           0        1120   1.7411575       1.4251156       7.7208800       1.0000000      7.24895447E-02 -0.25210091     -7.95029253E-02  0.97722793      0.93800002    
           0           0        1120  0.59053344       2.7052679       8.8617115       1.0000000     -0.44513398     -0.32777867     -0.15191978       1.0993210      0.93800002    
           0           0        1120   8.2182398       7.0571761       2.9748557       1.0000000      0.11295951      0.18171898      0.37923813       1.0341408      0.93800002    
           0           0        1120   4.1185966       7.6925120       1.1329592       1.0000000      0.47930008     -0.10036837      0.48513040       1.1640438      0.93800002    
           0           0        1120   1.6385038       9.8107033       7.8849187       1.0000000      3.09467744E-02 -0.28665307     -0.31207177       1.0297381      0.93800002    
           0           0        1120   3.5384095       6.3650770       8.6794691       1.0000000     -0.16500792     -0.17227904      0.28513679       1.0089869      0.93800002    
           0           0        1120   5.4822049      0.49146983       4.1778426       1.0000000     -0.49731123     -0.35621020     -0.40739194       1.1916444      0.93800002    
           0           0        1120  1.53066451E-02   7.7251515       3.5894623       1.0000000      6.32653385E-02  0.25026929      0.35605088       1.0359795      0.93800002    
           0           0        1120   2.1896181       1.9265935       9.8958282       1.0000000     -0.24103650      0.34862781      6.62327632E-02   1.0314411      0.93800002    
           0           0        1120   9.5978565       3.5584996       8.9100542       1.0000000     -0.29389855     -9.92263481E-03 -0.35460845       1.0450196      0.93800002    
           0           0        1120   5.0610290       9.5792770      0.62550181       1.0000000     -0.32460245     -4.84227203E-02 -0.35626459       1.0556893      0.93800002    
           0           0        1120   3.8829951       8.6672153       5.8142967       1.0000000     -0.36125314     -0.39815512      0.45277268       1.1721256      0.93800002    
           0           0        1120   6.6737204       6.8367414       3.2410040       1.0000000     -0.41703504     -0.45444512      0.42183307       1.1992605      0.93800002    
           0           0        1120   9.0225983       6.2949209       4.3889899       1.0000000     -6.34223595E-02 -0.14243719      0.37592998       1.0224862      0.93800002    
           0           0        1120   6.6944723       6.6704240       9.3222189       1.0000000      9.13965404E-02 -0.37767139      9.14489403E-02   1.0194097      0.93800002    
           0           0        1120   7.7049155      0.53467917       2.1806808       1.0000000     -8.04184936E-03 -0.43560797      0.16058268       1.0466374      0.93800002    
           0           0        1120   3.9089122       3.8012393       7.7808609       1.0000000     -0.35475376     -0.17483664      0.43254176       1.1060536      0.93800002    
           0           0        1120   3.9592042       5.7490845       8.2680378       1.0000000      8.73225033E-02  0.49228910     -0.17453155       1.0771625      0.93800002    
           0           0        1120   3.7878144       2.4988225       8.5708170       1.0000000     -0.16569969     -0.22506258      0.32678759       1.0318642      0.93800002    
           0           0        1120   6.4484119       8.0575056       8.0335236       1.0000000     -0.37035140      8.84057954E-06  0.21645163       1.0314337      0.93800002    
           0           0        1120   1.9205278       5.7384624       9.9208307       1.0000000     -0.16991292     -0.16047940      5.34692407E-02  0.96815652      0.93800002    
           0           0        1120   9.1841621       4.8271694       1.5494986       1.0000000     -0.33901790     -0.41968170      0.15383719       1.0929666      0.93800002    
           0           0        1120   5.2888784       8.4607115       9.1094389       1.0000000     -1.75276212E-02  9.86025035E-02  0.42721495       1.0355608      0.93800002    
           0           0        1120   1.2568344       9.8756971       9.3488045       1.0000000     -0.41627154     -0.12662160      0.25432575       1.0648196      0.93800002    
           0           0        1120   5.5726113       4.3139224       6.3630714       1.0000000      0.43096966     -0.29190725     -0.40599638       1.1470056      0.93800002    
           0           0        1120   1.4490823       4.2910504       3.4509628       1.0000000      0.38753468      0.40666521      0.43792593       1.1777873      0.93800002    
           0           0        1120   4.1127605       7.0718975       6.8628802       1.0000000     -4.94182250E-03 -0.33733192     -0.21756306       1.0202916      0.93800002    
           0           0        1120   9.8708363       5.7120748       7.0968785       1.0000000      0.39958480      7.27617145E-02 -0.25962618       1.0546147      0.93800002    
           0           0        1120   9.4878836       5.0200100       2.6171367       1.0000000      0.14400977      0.34394270      6.04369678E-02   1.0112033      0.93800002    
           0           0        1120   6.8269763       2.4879777       9.0332050       1.0000000      9.29147899E-02  0.24163593      0.16182303      0.98643386      0.93800002    
           0           0        1120   7.3235908       3.9446807       9.0951567       1.0000000      0.36178058     -0.16179994      0.30837980       1.0639579      0.93800002    
           0           0        1120   2.5815356       4.0440378       9.7209377       1.0000000      5.94293363E-02  0.13070516     -0.41105187       1.0341293      0.93800002    
           0           0        1120   9.8266106       3.7936437       2.3348615       1.0000000     -3.09131742E-02 -0.32601649     -0.44658807       1.0892783      0.93800002    
           0           0        1120  0.90298295       9.8036489       5.6987228       1.0000000     -0.46406385      0.44399759      0.13533117       1.1448352      0.93800002    
           0           0        1120   4.1949100       1.3780929      0.26094532       1.0000000      0.42361811      0.10114057     -0.15527417       1.0457704      0.93800002    
           0           0        1120  0.85819495       8.1185436       9.4855785       1.0000000     -0.27288777     -0.40079886     -0.34625486       1.1112353      0.93800002    
           0           0        1120   3.7687902       7.0339861       7.3685222       1.0000000      6.90514892E-02  0.39294887     -0.25064480       1.0496875      0.93800002    
           0           0        1120   6.9627914       5.8051496       2.9515252       1.0000000      0.37579644     -8.64941925E-02 -0.37259695       1.0804521      0.93800002    
           0           0        1120   3.2119625       5.3812141       6.5234470       1.0000000     -0.14455114      4.03960720E-02 -0.48812503       1.0680060      0.93800002    
           0           0        1120  0.85690427       1.1355660       9.6289854       1.0000000     -0.15144360     -0.23841554     -0.25064713       1.0111603      0.93800002    
           0           0        1120   6.4782443       7.8036060      0.45503342       1.0000000      0.32401410      0.24798319     -0.42662600       1.1083026      0.93800002    
           0           0        1120   4.0610404       1.5654901       9.4062843       1.0000000      0.32842764      0.21748807     -0.10986713       1.0232695      0.93800002    
           0           0        1120   4.2437263       5.1537833       4.8421917       1.0000000     -0.15160555      0.40803790     -0.35773426       1.0942106      0.93800002    
           0           0        1120   3.1413531       3.8108392      0.27152252       1.0000000     -0.18057071      0.17109498      0.30978334       1.0186702      0.93800002    
           0           0        1120   3.4505382       8.3818426       9.4526281       1.0000000     -0.18433446      0.25933751     -0.37115422       1.0577497      0.93800002    
           0           0        1120   2.1004014       4.2232041       5.6662912       1.0000000     -0.20832206      0.41851145      0.34797275       1.1043003      0.93800002    
           0           0        1120   6.8934031       4.8945684       3.8934925       1.0000000      0.40839937     -0.45297322      0.16250452       1.1305869      0.93800002    
           0           0        1120   3.0863733       5.4764490       1.8419240       1.0000000     -4.47417311E-02  0.29221126      0.31748122       1.0334542      0.93800002    
           0           0        1120   8.4059467       4.5668344       2.1274402       1.0000000     -0.30765393     -0.18016361      0.27127582       1.0394924      0.93800002    
           0           0        1120   1.3128428       2.4935906       4.7933011       1.0000000     -0.15341282     -0.23611212     -0.32230049       1.0310218      0.93800002    
           0           0        1120   2.2580450       5.2694769       8.1025715       1.0000000     -0.30270755     -2.31646001E-02  0.41119015       1.0682181      0.93800002    
           0           0        1120   8.8964243       2.3681929       5.9885077       1.0000000      9.81724262E-03 -0.15785611      0.40701467       1.0346593      0.93800002    
           0           0        1120   4.5889950       7.6718264       2.9508598       1.0000000      0.16748859     -0.46357682     -0.29298064       1.0993805      0.93800002    
           0           0        1120   8.8574152       4.7740607       7.8645043       1.0000000      0.25693852     -5.54322712E-02  0.45925406       1.0769626      0.93800002    
           0           0        1120   9.2260923       6.2586889       2.6379232       1.0000000     -1.50087345E-02 -0.41958460     -0.43745026       1.1169080      0.93800002    
           0           0        1120   2.2771657       4.1002851       2.4753318       1.0000000     -1.19178304E-02 -7.92363584E-02 -0.18258114      0.95895797      0.93800002    
           0           0        1120  0.29245579       2.6864588       4.1768026       1.0000000     -0.21382117      0.10429510     -0.14032446      0.97781998      0.93800002    
           0           0        1120   1.1074910       8.9631796       3.3363667       1.0000000     -0.33941507      0.44090381      0.36659610       1.1505805      0.93800002    
           0           0        1120  0.24533185       3.7352641       8.3704281       1.0000000     -0.39214021      0.32093120      0.35349521       1.1231979      0.93800002    
           0           0        1120   3.5055711       3.7402899       1.9411136       1.0000000     -0.49301192      0.12578543     -3.86374108E-02   1.0678107      0.93800002    
           0           0        1120   7.8741627       1.2396909       9.9562769       1.0000000     -0.34040436     -0.20708443     -0.20497113       1.0395269      0.93800002    
           0           0        1120   1.7367933       7.2544479       1.6394435       1.0000000      9.49078798E-02  0.41551605     -0.41454166       1.1105629      0.93800002    
           0           0        1120  0.23659427       8.0034351       5.6877055       1.0000000      0.14223470      0.10187917      0.37226227       1.0242233      0.93800002    
           0           0        1120   8.5820332       2.5768840       5.5401874       1.0000000     -0.44360667     -6.43630177E-02  0.42169908       1.1218750      0.93800002    
           0           0        1120   4.2007699       2.9982328       2.3170247       1.0000000     -0.28099379      0.27286798     -0.31964657       1.0655667      0.93800002    
           0           0        1120  0.86906910      2.84682997E-02   7.7394047       1.0000000      0.32508460      0.22656941      0.29950818       1.0613967      0.93800002    
           0           0        1120   2.0771282       1.2339002      0.65339345       1.0000000     -0.20236601      5.51003255E-02  0.27272809      0.99910593      0.93800002    
           0           0        1120   1.2022742       6.7562428       8.5007143       1.0000000     -0.20844242      0.48971289      0.33195403       1.1284080      0.93800002    
           0           0        1120   4.0339980       2.8546939       8.1171656       1.0000000      5.39898835E-02 -6.12834580E-02  0.26256233      0.97747308      0.93800002    
           0           0        1120   7.2616916      0.58303571       1.2172698       1.0000000      0.30146012      0.31759045      0.25212803       1.0654362      0.93800002    
           0           0        1120   6.6780882       9.8351316       2.4740376       1.0000000      0.47804362      0.40258449      0.26619270       1.1581461      0.93800002    
           0           0        1120   3.2839561       4.0074348       4.3266120       1.0000000      0.22181562      0.36405310      0.35973635       1.0913254      0.93800002    
